# eventID  Edep_gas_total[MeV]  Nsteps_in_gas  Ntracks_in_gas
147 1.809819755 138 63

t0[ns],x0[mm],y0[mm],z0[mm],x1[mm],y1[mm],z1[mm],Edep[MeV],event_id,track_id,pdg,volume_name,volume_copyNo
21.0150029,-0.4857038507,7.109692283,-2800,-0.7318772795,7.241064637,-2853.102892,0.02902910176,147,1,13,R134aDet,0
21.19214098,-0.7318772795,7.241064637,-2853.102892,-0.7695416839,7.26130815,-2861.275743,0.003795948037,147,1,13,R134aDet,0
21.21940358,-0.7695416839,7.26130815,-2861.275743,-1.123444141,7.451076812,-2937.963479,0.0470420732,147,1,13,R134aDet,0
21.47521482,-1.123444141,7.451076812,-2937.963479,-1.192328815,7.488261099,-2952.829575,0.01240134432,147,1,13,R134aDet,0
21.52480443,-1.192328815,7.488261099,-2952.829575,-1.249949962,7.519514884,-2965.289365,0.005707950339,147,1,13,R134aDet,0
21.56636721,-1.249949962,7.519514884,-2965.289365,-1.939552977,7.893231186,-3114.397657,0.08031071251,147,1,13,R134aDet,0
22.0637555,-1.939552977,7.893231186,-3114.397657,-2.313889244,8.099371003,-3195.343901,0.05567300074,147,1,13,R134aDet,0
22.33377213,-2.313889244,8.099371003,-3195.343901,-2.335391346,8.111210314,-3200,0.001401443399,147,1,13,R134aDet,0
22.68287894,-2.797196273,8.365137682,-3300,-3.496549709,8.749306844,-3451.652568,0.09810283832,147,1,13,R134aDet,1
23.18875431,-3.496549709,8.749306844,-3451.652568,-3.513572606,8.758688851,-3455.313593,0.002417152488,147,1,13,R134aDet,1
23.20096659,-3.513572606,8.758688851,-3455.313593,-3.60538884,8.809063537,-3475.130871,0.01241449915,147,1,13,R134aDet,1
23.26707212,-3.60538884,8.809063537,-3475.130871,-3.646089203,8.831353741,-3483.925596,0.003803183702,147,1,13,R134aDet,1
23.29640915,-3.646089203,8.831353741,-3483.925596,-3.657487218,8.837554654,-3486.38265,0.0008231009044,147,1,13,R134aDet,1
23.30460527,-3.657487218,8.837554654,-3486.38265,-3.667019914,8.842729154,-3488.436075,0.001235515956,147,1,13,R134aDet,1
23.31145499,-3.667019914,8.842729154,-3488.436075,-3.814226191,8.92270456,-3520.162272,0.02170712752,147,1,13,R134aDet,1
23.41728573,-3.814226191,8.92270456,-3520.162272,-4.365119726,9.225683398,-3638.912068,0.06368306037,147,1,13,R134aDet,1
23.81340568,-4.365119726,9.225683398,-3638.912068,-4.649539907,9.38239784,-3700,0.03836189727,147,1,13,R134aDet,1
23.81340568,-4.365119726,9.225683398,-3638.912068,-4.371112923,9.253180612,-3638.91337,0.002531350834,147,160,11,R134aDet,1
23.41728573,-3.814226191,8.92270456,-3520.162272,-4.391544238,8.853465616,-3520.25665,0.001488891202,147,159,11,R134aDet,1
23.42342103,-4.391544238,8.853465616,-3520.25665,-5.51747939,8.645673623,-3520.246733,0.005944008645,147,159,11,R134aDet,1
23.4361024,-5.51747939,8.645673623,-3520.246733,-5.636364415,8.541110093,-3520.598744,0.001969686799,147,159,11,R134aDet,1
23.44175748,-5.636364415,8.541110093,-3520.598744,-5.611014542,8.698381351,-3520.623111,0.006856097054,147,159,11,R134aDet,1
23.44175748,-5.636364415,8.541110093,-3520.598744,-5.669825413,8.534074338,-3520.682353,0.004955623493,147,165,11,R134aDet,1
23.4361024,-5.51747939,8.645673623,-3520.246733,-5.549240119,8.561051548,-3520.211739,0.005155662771,147,164,11,R134aDet,1
23.42342103,-4.391544238,8.853465616,-3520.25665,-4.388551847,8.836097359,-3520.265243,0.002041456801,147,163,11,R134aDet,1
23.31145499,-3.667019914,8.842729154,-3488.436075,-3.664716031,8.831569439,-3488.436546,0.001464270072,147,158,11,R134aDet,1
23.30460527,-3.657487218,8.837554654,-3486.38265,-3.509612822,8.901105375,-3486.396372,0.0068651619,147,157,11,R134aDet,1
23.29640915,-3.646089203,8.831353741,-3483.925596,-3.579775694,8.864779283,-3483.930717,0.00444385876,147,156,11,R134aDet,1
23.26707212,-3.60538884,8.809063537,-3475.130871,-3.625514477,8.855057174,-3475.13362,0.00355103233,147,155,11,R134aDet,1
23.20096659,-3.513572606,8.758688851,-3455.313593,-3.487960791,8.783284866,-3455.315541,0.002901724621,147,154,11,R134aDet,1
23.18875431,-3.496549709,8.749306844,-3451.652568,-3.443855463,7.912260731,-3451.815318,0.002914532129,147,153,11,R134aDet,1
23.19687833,-3.450647974,7.89340895,-3451.833304,-3.740540366,7.329074726,-3452.155027,0.002573298978,147,153,11,R134aDet,1
23.20404379,-3.740540366,7.329074726,-3452.155027,-4.775991342,6.164442736,-3452.186572,0.01128399845,147,153,11,R134aDet,1
23.22078605,-4.775991342,6.164442736,-3452.186572,-4.37984539,5.61471715,-3452.080816,0.009066849277,147,153,11,R134aDet,1
23.23034436,-4.37984539,5.61471715,-3452.080816,-4.337707251,5.65144832,-3452.204485,0.006227804872,147,153,11,R134aDet,1
23.20404379,-3.740540366,7.329074726,-3452.155027,-3.733513874,7.322616529,-3452.150331,0.001402491154,147,168,11,R134aDet,1
23.19687833,-3.450647974,7.89340895,-3451.833304,-3.445247491,7.8966457,-3451.84403,0.001544841569,147,167,11,R134aDet,1
23.19661315,-3.443855463,7.912260731,-3451.815318,-3.451096377,7.929280371,-3451.830721,0.002307140439,147,166,11,R134aDet,1
22.33377213,-2.313889244,8.099371003,-3195.343901,-2.527800027,8.524583123,-3195.39446,0.01250556349,147,152,11,R134aDet,0
22.0637555,-1.939552977,7.893231186,-3114.397657,-2.474416212,7.833669785,-3114.458654,0.003758301435,147,151,11,R134aDet,0
22.07158791,-2.474416212,7.833669785,-3114.458654,-2.478828963,7.932959725,-3114.56558,0.006487426149,147,151,11,R134aDet,0
22.07158791,-2.474416212,7.833669785,-3114.458654,-2.532526822,7.842263316,-3114.448675,0.003915691254,147,169,11,R134aDet,0
21.56636721,-1.249949962,7.519514884,-2965.289365,-1.275098757,7.251624307,-2965.315362,0.009133192145,147,150,11,R134aDet,0
21.52480443,-1.192328815,7.488261099,-2952.829575,-1.205292453,7.484354969,-2952.830065,0.001628674809,147,149,11,R134aDet,0
21.47521482,-1.123444141,7.451076812,-2937.963479,-2.603615056,8.606644712,-2938.280977,0.008621765235,147,148,11,R134aDet,0
21.49424602,-2.603615056,8.606644712,-2938.280977,-2.444851773,9.159782561,-2937.830757,0.003123118776,147,148,11,R134aDet,0
21.50273286,-2.444851773,9.159782561,-2937.830757,-2.439872601,9.336781628,-2937.503845,0.001696216104,147,148,11,R134aDet,0
21.50763559,-2.439872601,9.336781628,-2937.503845,-2.80166565,8.997322764,-2937.587896,0.01017389184,147,148,11,R134aDet,0
21.51525517,-2.80166565,8.997322764,-2937.587896,-2.796579013,9.004847918,-2937.617877,0.002693863032,147,148,11,R134aDet,0
21.50763559,-2.439872601,9.336781628,-2937.503845,-2.460149933,9.358483016,-2937.505211,0.002612615775,147,171,11,R134aDet,0
21.50273286,-2.444851773,9.159782561,-2937.830757,-2.454046649,9.17721754,-2937.83991,0.002171298205,147,170,11,R134aDet,0
21.21940358,-0.7695416839,7.26130815,-2861.275743,-0.6466281314,7.248885386,-2861.285746,0.005918907714,147,147,11,R134aDet,0
21.19214098,-0.7318772795,7.241064637,-2853.102892,-0.7344383242,7.165424201,-2853.108086,0.004491691402,147,146,11,R134aDet,0
21.29402208,215.3127575,313.4174413,-2800,220.989748,320.8817069,-2819.299093,0.01010429673,147,195,-11,R134aDet,0
21.36563525,220.989748,320.8817069,-2819.299093,230.0985655,331.5713033,-2848.315874,0.01510085277,147,195,-11,R134aDet,0
21.47322392,230.0985655,331.5713033,-2848.315874,264.4181566,365.7990464,-2952.672446,0.0696816717,147,195,-11,R134aDet,0
21.85716317,264.4181566,365.7990464,-2952.672446,267.7247901,368.6643642,-2962.326849,0.005188871177,147,195,-11,R134aDet,0
21.892541,267.7247901,368.6643642,-2962.326849,278.3638134,377.3768398,-2993.569769,0.01860176001,147,195,-11,R134aDet,0
22.0064661,278.3638134,377.3768398,-2993.569769,297.9659193,394.5181343,-3058.59051,0.03778919804,147,195,-11,R134aDet,0
22.24020485,297.9659193,394.5181343,-3058.59051,302.829368,398.9918675,-3074.825467,0.005885377097,147,195,-11,R134aDet,0
22.29870787,302.829368,398.9918675,-3074.825467,326.5558248,422.2159175,-3151.164094,0.04097010846,147,195,-11,R134aDet,0
22.57650505,326.5558248,422.2159175,-3151.164094,342.5173116,437.6591641,-3200,0.02802093231,147,195,-11,R134aDet,0
23.12241149,373.7545218,470.8711252,-3300,411.3916285,503.1978081,-3408.173526,0.0638529023,147,195,-11,R134aDet,1
23.51951662,411.3916285,503.1978081,-3408.173526,417.1658841,507.6138882,-3424.885259,0.00903182531,147,195,-11,R134aDet,1
23.58034346,417.1658841,507.6138882,-3424.885259,419.1784604,509.172324,-3430.59008,0.002623927445,147,195,-11,R134aDet,1
23.60119436,419.1784604,509.172324,-3430.59008,421.1210158,510.6687582,-3436.014423,0.003029089283,147,195,-11,R134aDet,1
23.62106368,421.1210158,510.6687582,-3436.014423,424.610159,513.2594686,-3445.84209,0.006937015864,147,195,-11,R134aDet,1
23.65692993,424.610159,513.2594686,-3445.84209,449.5262914,533.4208114,-3521.608853,0.04327302514,147,195,-11,R134aDet,1
23.93146526,449.5262914,533.4208114,-3521.608853,461.513653,543.5757669,-3559.798432,0.02365089141,147,195,-11,R134aDet,1
24.06928643,461.513653,543.5757669,-3559.798432,502.6487691,569.4687294,-3673.97142,0.07061648004,147,195,-11,R134aDet,1
24.48334095,502.6487691,569.4687294,-3673.97142,511.9712661,575.5448345,-3700,0.01723485048,147,195,-11,R134aDet,1
24.48334095,502.6487691,569.4687294,-3673.97142,502.581955,569.4121463,-3674.015879,0.005193535658,147,219,11,R134aDet,1
24.06928643,461.513653,543.5757669,-3559.798432,461.5330338,543.7343654,-3559.767027,0.006895941326,147,218,11,R134aDet,1
23.93146526,449.5262914,533.4208114,-3521.608853,449.526942,533.4107722,-3521.611861,0.00139141785,147,217,11,R134aDet,1
23.65692993,424.610159,513.2594686,-3445.84209,424.6239516,513.2363865,-3445.844749,0.002469975329,147,216,11,R134aDet,1
23.62106368,421.1210158,510.6687582,-3436.014423,421.1428456,510.6752299,-3436.006042,0.002318054469,147,215,11,R134aDet,1
23.60119436,419.1784604,509.172324,-3430.59008,419.1851335,509.1565135,-3430.592914,0.001898617061,147,214,11,R134aDet,1
23.58034346,417.1658841,507.6138882,-3424.885259,417.1603759,507.5876925,-3424.895985,0.002566227136,147,213,11,R134aDet,1
23.51951662,411.3916285,503.1978081,-3408.173526,411.4185126,503.1725774,-3408.173209,0.002963736928,147,212,11,R134aDet,1
22.57650505,326.5558248,422.2159175,-3151.164094,326.5390308,422.2295367,-3151.166337,0.002171628182,147,211,11,R134aDet,0
22.29870787,302.829368,398.9918675,-3074.825467,302.8147073,398.9955248,-3074.829619,0.001781280422,147,210,11,R134aDet,0
22.24020485,297.9659193,394.5181343,-3058.59051,299.3868633,393.6671402,-3058.664595,0.009118064929,147,209,11,R134aDet,0
22.25762342,299.3868633,393.6671402,-3058.664595,300.1041391,393.0455338,-3058.536513,0.01029951015,147,209,11,R134aDet,0
22.26973442,300.1041391,393.0455338,-3058.536513,300.0911929,392.8425144,-3058.655147,0.008463948464,147,209,11,R134aDet,0
22.0064661,278.3638134,377.3768398,-2993.569769,279.0974206,377.7280081,-2993.364608,0.003853102441,147,208,11,R134aDet,0
22.01638279,279.0974206,377.7280081,-2993.364608,279.1646871,378.4801523,-2993.402036,0.01189482187,147,208,11,R134aDet,0
22.02663622,279.1646871,378.4801523,-2993.402036,279.2340378,378.4704251,-2993.396206,0.004301354834,147,208,11,R134aDet,0
22.01638279,279.0974206,377.7280081,-2993.364608,279.0971807,377.7274458,-2993.377636,0.001590875096,147,221,11,R134aDet,0
21.892541,267.7247901,368.6643642,-2962.326849,267.7270528,368.6492022,-2962.331216,0.001800015336,147,207,11,R134aDet,0
21.85716317,264.4181566,365.7990464,-2952.672446,263.8784066,366.1078351,-2952.842105,0.01115823787,147,206,11,R134aDet,0
21.86630125,263.8784066,366.1078351,-2952.842105,263.9045797,366.0725639,-2952.869037,0.003601503385,147,206,11,R134aDet,0
21.47322392,230.0985655,331.5713033,-2848.315874,230.0608948,331.571838,-2848.331097,0.003137067436,147,205,11,R134aDet,0
21.36563525,220.989748,320.8817069,-2819.299093,221.0194258,320.8792884,-2819.292756,0.002649074778,147,204,11,R134aDet,0
21.04097806,41.90207678,110.1493047,-2800,42.49413464,112.1852151,-2816.628361,0.009382623223,147,194,11,R134aDet,0
21.09689626,42.49413464,112.1852151,-2816.628361,43.97801571,118.1324274,-2864.698534,0.03420486935,147,194,11,R134aDet,0
21.25854646,43.97801571,118.1324274,-2864.698534,44.26370036,119.1805799,-2872.977905,0.006362900713,147,194,11,R134aDet,0
21.28640171,44.26370036,119.1805799,-2872.977905,46.87510044,126.9748502,-2934.834078,0.03793224636,147,194,11,R134aDet,0
21.49455399,46.87510044,126.9748502,-2934.834078,48.10869586,131.0670039,-2970.823358,0.01992662557,147,194,11,R134aDet,0
21.61545057,48.10869586,131.0670039,-2970.823358,49.21569997,134.898955,-3004.110196,0.01875824806,147,194,11,R134aDet,0
21.72728312,49.21569997,134.898955,-3004.110196,52.69676083,145.1144262,-3098.074403,0.05340126303,147,194,11,R134aDet,0
22.04278475,52.69676083,145.1144262,-3098.074403,52.99840008,146.1200538,-3107.797876,0.004312320273,147,194,11,R134aDet,0
22.07540904,52.99840008,146.1200538,-3107.797876,56.19113155,154.8033582,-3200,0.05986430181,147,194,11,R134aDet,0
22.71978982,60.72873984,163.7787919,-3300,60.74446069,163.8113904,-3300.352868,0.0002769833913,147,194,11,R134aDet,1
22.7209731,60.74446069,163.8113904,-3300.352868,61.7484324,166.1557066,-3325.106952,0.01805840099,147,194,11,R134aDet,1
22.80398505,61.7484324,166.1557066,-3325.106952,64.30567469,171.9481361,-3382.084436,0.0418069972,147,194,11,R134aDet,1
22.99521946,64.30567469,171.9481361,-3382.084436,64.8581218,173.3421998,-3395.694401,0.006167373608,147,194,11,R134aDet,1
23.04089458,64.8581218,173.3421998,-3395.694401,67.88293426,181.979502,-3479.317576,0.05523645248,147,194,11,R134aDet,1
23.32150679,67.88293426,181.979502,-3479.317576,69.91886552,187.5559828,-3530.85924,0.03462379502,147,194,11,R134aDet,1
23.49457547,69.91886552,187.5559828,-3530.85924,70.91372722,190.6998754,-3559.821388,0.02093659656,147,194,11,R134aDet,1
23.59181178,70.91372722,190.6998754,-3559.821388,71.11456509,191.3179601,-3565.432956,0.004236101221,147,194,11,R134aDet,1
23.61065611,71.11456509,191.3179601,-3565.432956,72.80043714,195.869348,-3608.060712,0.02049503947,147,194,11,R134aDet,1
23.75377231,72.80043714,195.869348,-3608.060712,73.3953755,197.3382029,-3622.220099,0.008131824382,147,194,11,R134aDet,1
23.80130039,73.3953755,197.3382029,-3622.220099,75.0403344,201.2454711,-3661.315109,0.02801470203,147,194,11,R134aDet,1
23.93247796,75.0403344,201.2454711,-3661.315109,76.69503015,205.1462433,-3700,0.02383393277,147,194,11,R134aDet,1
23.93247796,75.0403344,201.2454711,-3661.315109,75.05166878,201.2508928,-3661.314566,0.001555482832,147,249,11,R134aDet,1
23.80130039,73.3953755,197.3382029,-3622.220099,73.38186397,197.3510532,-3622.220179,0.001980501261,147,248,11,R134aDet,1
23.75377231,72.80043714,195.869348,-3608.060712,72.77730827,195.8519947,-3608.064881,0.002585838018,147,247,11,R134aDet,1
23.61065611,71.11456509,191.3179601,-3565.432956,71.15127205,191.2861642,-3565.437962,0.00349095623,147,246,11,R134aDet,1
23.59181178,70.91372722,190.6998754,-3559.821388,70.90390925,190.6979726,-3559.822303,0.001353609876,147,245,11,R134aDet,1
23.49457547,69.91886552,187.5559828,-3530.85924,69.95197275,187.4644958,-3530.875379,0.004020242051,147,244,11,R134aDet,1
23.49689595,69.95197275,187.4644958,-3530.875379,69.9600579,187.4637607,-3530.874267,0.001193530676,147,244,11,R134aDet,1
23.32150679,67.88293426,181.979502,-3479.317576,67.86932506,182.0027675,-3479.3169,0.002466847591,147,243,11,R134aDet,1
23.04089458,64.8581218,173.3421998,-3395.694401,64.86644502,173.3563704,-3395.693323,0.001836414669,147,242,11,R134aDet,1
22.99521946,64.30567469,171.9481361,-3382.084436,64.49358809,171.7500709,-3382.122361,0.009231843248,147,241,11,R134aDet,1
22.80398505,61.7484324,166.1557066,-3325.106952,61.7225913,166.1421748,-3325.110831,0.002596845768,147,240,11,R134aDet,1
22.7209731,60.74446069,163.8113904,-3300.352868,60.92051781,163.8296319,-3300.422042,0.002681286621,147,239,11,R134aDet,1
22.72380044,60.92051781,163.8296319,-3300.422042,61.11370028,163.8807963,-3300.324971,0.002387466236,147,239,11,R134aDet,1
22.72711121,61.11370028,163.8807963,-3300.324971,61.18739139,163.9184253,-3300.236249,0.005848204943,147,239,11,R134aDet,1
22.07540904,52.99840008,146.1200538,-3107.797876,53.01663143,146.1254613,-3107.797572,0.00200429484,147,238,11,R134aDet,0
22.04278475,52.69676083,145.1144262,-3098.074403,53.39832057,146.4073651,-3098.144137,0.007118938462,147,237,11,R134aDet,0
22.05892519,53.39832057,146.4073651,-3098.144137,53.27732917,145.5802828,-3098.537199,0.009778178079,147,237,11,R134aDet,0
22.07073581,53.27732917,145.5802828,-3098.537199,53.05632136,145.6731027,-3098.527525,0.008551091277,147,237,11,R134aDet,0
21.72728312,49.21569997,134.898955,-3004.110196,49.21579425,134.9134736,-3004.109117,0.001702544438,147,236,11,R134aDet,0
21.61545057,48.10869586,131.0670039,-2970.823358,48.0972865,131.0701523,-2970.823811,0.001498912703,147,235,11,R134aDet,0
21.49455399,46.87510044,126.9748502,-2934.834078,46.85985352,127.0436354,-2934.831079,0.004309904952,147,234,11,R134aDet,0
21.28640171,44.26370036,119.1805799,-2872.977905,44.25063987,119.1734782,-2872.979904,0.001734118052,147,233,11,R134aDet,0
21.25854646,43.97801571,118.1324274,-2864.698534,44.02844083,118.0609304,-2864.711935,0.004899262232,147,232,11,R134aDet,0
21.09689626,42.49413464,112.1852151,-2816.628361,42.50157183,112.195815,-2816.62734,0.001586826401,147,231,11,R134aDet,0
