# eventID  Edep_gas_total[MeV]  Nsteps_in_gas  Ntracks_in_gas
73 0.7238500084 77 35

t0[ns],x0[mm],y0[mm],z0[mm],x1[mm],y1[mm],z1[mm],Edep[MeV],event_id,track_id,pdg,volume_name,volume_copyNo
21.0153336,3.37342092,-14.74954738,-2800,3.479995127,-15.39988463,-2841.600692,0.02160349693,73,1,13,R134aDet,0
21.15411916,3.479995127,-15.39988463,-2841.600692,3.607931945,-16.19075827,-2892.16412,0.02660134627,73,1,13,R134aDet,0
21.32280564,3.607931945,-16.19075827,-2892.16412,3.943774382,-18.2748076,-3025.445956,0.08699645406,73,1,13,R134aDet,0
21.76745194,3.943774382,-18.2748076,-3025.445956,4.004074109,-18.64884427,-3049.331483,0.01354202604,73,1,13,R134aDet,0
21.84713733,4.004074109,-18.64884427,-3049.331483,4.009531006,-18.68259717,-3051.486698,0.002315928837,73,1,13,R134aDet,0
21.85432742,4.009531006,-18.68259717,-3051.486698,4.032969521,-18.82746924,-3060.739299,0.003782811908,73,1,13,R134aDet,0
21.88519537,4.032969521,-18.82746924,-3060.739299,4.056576512,-18.97335591,-3070.05638,0.006204314141,73,1,13,R134aDet,0
21.91627843,4.056576512,-18.97335591,-3070.05638,4.233864583,-20.06228598,-3139.563132,0.04196455514,73,1,13,R134aDet,0
22.14816251,4.233864583,-20.06228598,-3139.563132,4.390232866,-21.00925868,-3200,0.03406248488,73,1,13,R134aDet,0
22.68340196,4.648791446,-22.5745541,-3300,4.709148612,-22.94004821,-3323.362933,0.01090287341,73,1,13,R134aDet,1
22.7613439,4.709148612,-22.94004821,-3323.362933,4.764371397,-23.27535394,-3344.78215,0.01354652119,73,1,13,R134aDet,1
22.83280135,4.764371397,-23.27535394,-3344.78215,5.041011713,-24.95212987,-3451.846226,0.06997298439,73,1,13,R134aDet,1
23.18998184,5.041011713,-24.95212987,-3451.846226,5.050786125,-25.01119055,-3455.616389,0.002407421109,73,1,13,R134aDet,1
23.20255962,5.050786125,-25.01119055,-3455.616389,5.161605355,-25.68041284,-3498.331701,0.02289681666,73,1,13,R134aDet,1
23.3450638,5.161605355,-25.68041284,-3498.331701,5.252867631,-26.22736581,-3533.224553,0.02305196658,73,1,13,R134aDet,1
23.46147119,5.252867631,-26.22736581,-3533.224553,5.266710309,-26.31041529,-3538.521279,0.001956538395,73,1,13,R134aDet,1
23.4791418,5.266710309,-26.31041529,-3538.521279,5.366769605,-26.91029729,-3576.792307,0.02079688011,73,1,13,R134aDet,1
23.60681925,5.366769605,-26.91029729,-3576.792307,5.400900318,-27.11371248,-3589.77514,0.005347307328,73,1,13,R134aDet,1
23.65013178,5.400900318,-27.11371248,-3589.77514,5.445318602,-27.3783767,-3606.669261,0.007268467534,73,1,13,R134aDet,1
23.7064929,5.445318602,-27.3783767,-3606.669261,5.483684417,-27.60691914,-3621.263531,0.009204474165,73,1,13,R134aDet,1
23.7551814,5.483684417,-27.60691914,-3621.263531,5.488176151,-27.63383028,-3622.981825,0.001262858437,73,1,13,R134aDet,1
23.76091387,5.488176151,-27.63383028,-3622.981825,5.689656941,-28.83998494,-3700,0.04553435811,73,1,13,R134aDet,1
23.76091387,5.488176151,-27.63383028,-3622.981825,5.481389153,-27.64370777,-3622.982149,0.001510181497,73,174,11,R134aDet,1
23.7551814,5.483684417,-27.60691914,-3621.263531,5.473251944,-27.60552944,-3621.263968,0.001394127365,73,173,11,R134aDet,1
23.7064929,5.445318602,-27.3783767,-3606.669261,5.447019752,-27.39616129,-3606.669754,0.00193025671,73,172,11,R134aDet,1
23.65013178,5.400900318,-27.11371248,-3589.77514,5.397226117,-27.13601889,-3589.775854,0.002223563941,73,171,11,R134aDet,1
23.60681925,5.366769605,-26.91029729,-3576.792307,5.375034561,-26.90229921,-3576.792847,0.001472919503,73,170,11,R134aDet,1
23.4791418,5.266710309,-26.31041529,-3538.521279,5.209155017,-26.32764479,-3538.524889,0.003938315768,73,169,11,R134aDet,1
23.46147119,5.252867631,-26.22736581,-3533.224553,5.267292541,-26.19402411,-3533.226989,0.002941996308,73,168,11,R134aDet,1
23.3450638,5.161605355,-25.68041284,-3498.331701,5.160357866,-25.64657014,-3498.334017,0.002823626234,73,167,11,R134aDet,1
23.20255962,5.050786125,-25.01119055,-3455.616389,5.041526277,-25.01683737,-3455.616729,0.001419928106,73,166,11,R134aDet,1
23.18998184,5.041011713,-24.95212987,-3451.846226,5.032876721,-24.95960959,-3451.846544,0.001436399304,73,165,11,R134aDet,1
22.83280135,4.764371397,-23.27535394,-3344.78215,4.741699145,-23.25994335,-3344.783805,0.002493729933,73,164,11,R134aDet,1
22.7613439,4.709148612,-22.94004821,-3323.362933,4.78576275,-22.91077086,-3323.368758,0.00470036988,73,163,11,R134aDet,1
22.14816251,4.233864583,-20.06228598,-3139.563132,4.242769755,-20.05137985,-3139.563849,0.001669146755,73,161,11,R134aDet,0
21.91627843,4.056576512,-18.97335591,-3070.05638,4.072474636,-18.97363993,-3070.057002,0.001798159062,73,160,11,R134aDet,0
21.88519537,4.032969521,-18.82746924,-3060.739299,4.039950154,-18.80414684,-3060.740809,0.002325331868,73,159,11,R134aDet,0
21.85432742,4.009531006,-18.68259717,-3051.486698,3.990602132,-18.72476465,-3051.488743,0.003383700893,73,158,11,R134aDet,0
21.84713733,4.004074109,-18.64884427,-3049.331483,3.987454385,-18.69768778,-3049.333824,0.003606585452,73,157,11,R134aDet,0
21.76745194,3.943774382,-18.2748076,-3025.445956,3.94068518,-18.36917183,-3025.45114,0.005084567839,73,156,11,R134aDet,0
21.32280564,3.607931945,-16.19075827,-2892.16412,3.618215473,-16.19155831,-2892.16446,0.001376608211,73,155,11,R134aDet,0
21.15411916,3.479995127,-15.39988463,-2841.600692,8.324725127,-17.42135256,-2844.529553,0.004182871135,73,154,11,R134aDet,0
21.18234192,8.324725127,-17.42135256,-2844.529553,12.02782868,-46.52310219,-2856.232424,0.02624196312,73,154,11,R134aDet,0
21.32084737,12.02782868,-46.52310219,-2856.232424,12.94582367,-51.79480599,-2855.747635,0.004658252332,73,154,11,R134aDet,0
21.34738866,12.94582367,-51.79480599,-2855.747635,20.81412483,-64.43124344,-2857.736084,0.01166990114,73,154,11,R134aDet,0
21.41964222,20.81412483,-64.43124344,-2857.736084,32.8007066,-62.2360261,-2866.959906,0.01904547462,73,154,11,R134aDet,0
21.49722332,32.8007066,-62.2360261,-2866.959906,34.40258927,-63.99454568,-2868.446454,0.00329151836,73,154,11,R134aDet,0
21.5139061,34.40258927,-63.99454568,-2868.446454,39.95292768,-67.00089986,-2869.766922,0.007414925289,73,154,11,R134aDet,0
21.5545513,39.95292768,-67.00089986,-2869.766922,40.16604977,-67.49383806,-2870.003714,0.0002399295165,73,154,11,R134aDet,0
21.55842484,40.16604977,-67.49383806,-2870.003714,40.2593552,-67.63755922,-2870.046687,0.0001993036728,73,154,11,R134aDet,0
21.55960073,40.2593552,-67.63755922,-2870.046687,43.39957143,-72.72579981,-2872.590329,0.01360236472,73,154,11,R134aDet,0
21.60345777,43.39957143,-72.72579981,-2872.590329,43.84207738,-76.55867663,-2875.581075,0.00834117651,73,154,11,R134aDet,0
21.6391617,43.84207738,-76.55867663,-2875.581075,45.38121513,-79.48669886,-2877.825904,0.006162459225,73,154,11,R134aDet,0
21.67020794,45.38121513,-79.48669886,-2877.825904,44.37479559,-80.94716193,-2878.185701,0.005214880456,73,154,11,R134aDet,0
21.68500559,44.37479559,-80.94716193,-2878.185701,42.93102552,-82.50773992,-2877.153773,0.006212322126,73,154,11,R134aDet,0
21.70586878,42.93102552,-82.50773992,-2877.153773,42.42583942,-83.07530043,-2877.324675,0.00280691736,73,154,11,R134aDet,0
21.71341453,42.42583942,-83.07530043,-2877.324675,41.70299417,-84.4773267,-2877.29684,0.006630313586,73,154,11,R134aDet,0
21.72992383,41.70299417,-84.4773267,-2877.29684,41.23824668,-84.74428673,-2877.281866,0.005569656367,73,154,11,R134aDet,0
21.73712388,41.23824668,-84.74428673,-2877.281866,40.97738426,-84.72047266,-2877.162787,0.009452863475,73,154,11,R134aDet,0
21.73712388,41.23824668,-84.74428673,-2877.281866,41.24193152,-84.7506941,-2877.272405,0.001511476061,73,188,11,R134aDet,0
21.72992383,41.70299417,-84.4773267,-2877.29684,41.71870744,-84.51089935,-2877.379304,0.004958125824,73,187,11,R134aDet,0
21.71341453,42.42583942,-83.07530043,-2877.324675,42.4062997,-83.06567541,-2877.336336,0.002343043294,73,186,11,R134aDet,0
21.70586878,42.93102552,-82.50773992,-2877.153773,42.92307313,-82.50232303,-2877.148585,0.00142640852,73,185,11,R134aDet,0
21.68500559,44.37479559,-80.94716193,-2878.185701,44.35595159,-80.9261876,-2878.179698,0.002565733522,73,184,11,R134aDet,0
21.55960073,40.2593552,-67.63755922,-2870.046687,40.26862588,-67.64477292,-2870.021732,0.002500001164,73,183,11,R134aDet,0
21.55842484,40.16604977,-67.49383806,-2870.003714,40.15702389,-67.49815823,-2870.009343,0.001470338785,73,182,11,R134aDet,0
21.5545513,39.95292768,-67.00089986,-2869.766922,39.93625958,-67.017648,-2869.748089,0.002637451757,73,181,11,R134aDet,0
21.5139061,34.40258927,-63.99454568,-2868.446454,34.38477246,-63.89731359,-2868.796778,0.003416138713,73,180,11,R134aDet,0
21.51968613,34.38477246,-63.89731359,-2868.796778,34.42208024,-63.79412102,-2868.908489,0.006746914642,73,180,11,R134aDet,0
21.51968613,34.38477246,-63.89731359,-2868.796778,34.3794741,-63.8886869,-2868.79063,0.001498905846,73,189,11,R134aDet,0
21.41964222,20.81412483,-64.43124344,-2857.736084,20.02761143,-62.89579983,-2857.347248,0.01086158158,73,179,11,R134aDet,0
21.43779422,20.02761143,-62.89579983,-2857.347248,19.86992,-62.60246096,-2856.474253,0.008178296419,73,179,11,R134aDet,0
21.44969953,19.86992,-62.60246096,-2856.474253,20.05503689,-62.68190839,-2856.341481,0.001794041295,73,179,11,R134aDet,0
21.45377057,20.05503689,-62.68190839,-2856.341481,20.0111946,-62.67333849,-2856.21472,0.006193942126,73,179,11,R134aDet,0
21.45377057,20.05503689,-62.68190839,-2856.341481,20.06667369,-62.66118015,-2856.338764,0.002298973345,73,190,11,R134aDet,0
21.34738866,12.94582367,-51.79480599,-2855.747635,12.93575388,-51.79714947,-2855.752584,0.001468839993,73,178,11,R134aDet,0
21.18234192,8.324725127,-17.42135256,-2844.529553,8.347569934,-17.41713455,-2844.524501,0.002290302233,73,177,11,R134aDet,0
