# eventID  Edep_gas_total[MeV]  Nsteps_in_gas  Ntracks_in_gas
1 3.786496294 406 178

t0[ns],x0[mm],y0[mm],z0[mm],x1[mm],y1[mm],z1[mm],Edep[MeV],event_id,track_id,pdg,volume_name,volume_copyNo
21.01525726,12.01286508,-0.1549750832,-2800,13.27343781,0.02095239506,-2891.706958,0.05684407508,1,1,13,R134aDet,0
21.32119499,13.27343781,0.02095239506,-2891.706958,14.91591995,0.2482055375,-3011.249275,0.08286105066,1,1,13,R134aDet,0
21.71999246,14.91591995,0.2482055375,-3011.249275,15.72190114,0.3571145606,-3069.897894,0.0419384606,1,1,13,R134aDet,0
21.91564634,15.72190114,0.3571145606,-3069.897894,16.71278892,0.4913308037,-3141.803449,0.03953403188,1,1,13,R134aDet,0
22.15552597,16.71278892,0.4913308037,-3141.803449,16.8983346,0.5165302944,-3155.280192,0.009101851558,1,1,13,R134aDet,0
22.20048489,16.8983346,0.5165302944,-3155.280192,17.27359897,0.5676506187,-3182.505801,0.02043643566,1,1,13,R134aDet,0
22.29131055,17.27359897,0.5676506187,-3182.505801,17.3434881,0.5771367592,-3187.57291,0.001838085451,1,1,13,R134aDet,0
22.30821461,17.3434881,0.5771367592,-3187.57291,17.51486196,0.6003924146,-3200,0.00931384349,1,1,13,R134aDet,0
22.68327565,18.89361249,0.7874284457,-3300,19.13714159,0.8203913868,-3317.661683,0.01077603453,1,1,13,R134aDet,1
22.74219569,19.13714159,0.8203913868,-3317.661683,19.49341474,0.8691375314,-3343.52823,0.01427966904,1,1,13,R134aDet,1
22.82848746,19.49341474,0.8691375314,-3343.52823,19.57980068,0.8809058057,-3349.794857,0.003608071044,1,1,13,R134aDet,1
22.84939317,19.57980068,0.8809058057,-3349.794857,20.19924784,0.9653273757,-3394.752342,0.03416607865,1,1,13,R134aDet,1
22.99937302,20.19924784,0.9653273757,-3394.752342,20.53711724,1.011503316,-3419.294954,0.01284260858,1,1,13,R134aDet,1
23.08124809,20.53711724,1.011503316,-3419.294954,22.69548784,1.30428142,-3575.978735,0.09858741483,1,1,13,R134aDet,1
23.60395103,22.69548784,1.30428142,-3575.978735,23.05136685,1.353179972,-3601.774734,0.01690718308,1,1,13,R134aDet,1
23.69000747,23.05136685,1.353179972,-3601.774734,24.24609687,1.516863871,-3688.402554,0.04616871444,1,1,13,R134aDet,1
23.97900119,24.24609687,1.516863871,-3688.402554,24.26363526,1.519273162,-3689.674653,0.0006850298183,1,1,13,R134aDet,1
23.98324496,24.26363526,1.519273162,-3689.674653,24.33318147,1.528828631,-3694.718044,0.003038258984,1,1,13,R134aDet,1
24.0000699,24.33318147,1.528828631,-3694.718044,24.40602182,1.53884449,-3700,0.003769339349,1,1,13,R134aDet,1
24.0000699,24.33318147,1.528828631,-3694.718044,24.33042269,1.518050019,-3694.718521,0.001442870107,1,144,11,R134aDet,1
23.98324496,24.26363526,1.519273162,-3689.674653,24.23674321,1.510665655,-3689.676449,0.002537683137,1,143,11,R134aDet,1
23.97900119,24.24609687,1.516863871,-3688.402554,24.25029749,1.529203892,-3688.402987,0.001590874393,1,142,11,R134aDet,1
23.69000747,23.05136685,1.353179972,-3601.774734,23.04293333,1.360789753,-3601.775266,0.001461647043,1,141,11,R134aDet,1
23.60395103,22.69548784,1.30428142,-3575.978735,22.73629784,1.34887619,-3575.981845,0.003951108554,1,140,11,R134aDet,1
23.08124809,20.53711724,1.011503316,-3419.294954,20.5430248,1.020285077,-3419.295248,0.001398555345,1,139,11,R134aDet,1
22.99937302,20.19924784,0.9653273757,-3394.752342,20.2477032,0.9374961155,-3394.755123,0.00377682093,1,138,11,R134aDet,1
22.84939317,19.57980068,0.8809058057,-3349.794857,19.59236797,0.8715188135,-3349.795357,0.001782954953,1,137,11,R134aDet,1
22.82848746,19.49341474,0.8691375314,-3343.52823,19.4492118,0.7471705871,-3343.539084,0.006084204855,1,136,11,R134aDet,1
22.74219569,19.13714159,0.8203913868,-3317.661683,19.27741757,-8.256978679,-3317.721282,0.009920770624,1,135,11,R134aDet,1
22.79131459,19.27741757,-8.256978679,-3317.721282,22.86339937,-16.1260844,-3318.583354,0.009074948276,1,135,11,R134aDet,1
22.83970688,22.86339937,-16.1260844,-3318.583354,24.76646529,-25.54440993,-3320.118181,0.01263133314,1,135,11,R134aDet,1
22.89441772,24.76646529,-25.54440993,-3320.118181,25.91969623,-29.8822558,-3319.446975,0.004858014957,1,135,11,R134aDet,1
22.92273496,25.91969623,-29.8822558,-3319.446975,28.9723957,-35.33906114,-3315.964836,0.01087974493,1,135,11,R134aDet,1
22.96608628,28.9723957,-35.33906114,-3315.964836,32.71367289,-38.06840587,-3312.560207,0.008134317185,1,135,11,R134aDet,1
23.00289401,32.71367289,-38.06840587,-3312.560207,37.07076881,-36.70336683,-3311.091489,0.00841428081,1,135,11,R134aDet,1
23.03509681,37.07076881,-36.70336683,-3311.091489,39.56531839,-36.1584041,-3308.870294,0.006929150374,1,135,11,R134aDet,1
23.06280211,39.56531839,-36.1584041,-3308.870294,42.28942356,-36.22569563,-3308.422892,0.009144391054,1,135,11,R134aDet,1
23.08699344,42.28942356,-36.22569563,-3308.422892,43.79193343,-37.55471726,-3308.258474,0.007672497757,1,135,11,R134aDet,1
23.10670818,43.79193343,-37.55471726,-3308.258474,44.11274517,-37.67838257,-3308.160123,0.0006687050733,1,135,11,R134aDet,1
23.11067416,44.11274517,-37.67838257,-3308.160123,44.75542013,-37.95339991,-3307.92441,0.00443924065,1,135,11,R134aDet,1
23.11929028,44.75542013,-37.95339991,-3307.92441,44.81104913,-37.97668897,-3307.847196,0.0002988811331,1,135,11,R134aDet,1
23.12070896,44.81104913,-37.97668897,-3307.847196,44.83789327,-37.9255277,-3307.808963,0.0001197358526,1,135,11,R134aDet,1
23.12180248,44.83789327,-37.9255277,-3307.808963,45.07852595,-37.78468056,-3307.731543,0.009482284515,1,135,11,R134aDet,1
23.12180248,44.83789327,-37.9255277,-3307.808963,44.83227102,-37.92753797,-3307.78746,0.002205880281,1,154,11,R134aDet,1
23.12070896,44.81104913,-37.97668897,-3307.847196,44.82548363,-37.98815915,-3307.841817,0.002016145497,1,153,11,R134aDet,1
23.11929028,44.75542013,-37.95339991,-3307.92441,44.7752303,-37.90463979,-3307.923511,0.003646432149,1,152,11,R134aDet,1
23.11067416,44.11274517,-37.67838257,-3308.160123,44.10444644,-37.68626597,-3308.146339,0.001933166777,1,151,11,R134aDet,1
22.83970688,22.86339937,-16.1260844,-3318.583354,22.86831596,-16.12639235,-3318.571508,0.001574792914,1,150,11,R134aDet,1
22.79131459,19.27741757,-8.256978679,-3317.721282,19.27474255,-8.254075537,-3317.705044,0.001852804277,1,149,11,R134aDet,1
22.30821461,17.3434881,0.5771367592,-3187.57291,17.3554325,0.5833222616,-3187.573269,0.001621808364,1,134,11,R134aDet,0
22.29131055,17.27359897,0.5676506187,-3182.505801,17.24684967,0.5369525718,-3182.508488,0.003144825896,1,133,11,R134aDet,0
22.20048489,16.8983346,0.5165302944,-3155.280192,16.20479934,0.2207666319,-3155.426734,0.001514707581,1,132,11,R134aDet,0
22.20792507,16.20479934,0.2207666319,-3155.426734,15.6510644,-0.2740739965,-3155.384944,0.00469625816,1,132,11,R134aDet,0
22.21554254,15.6510644,-0.2740739965,-3155.384944,15.3098419,-0.3148209811,-3155.634744,0.002978141571,1,132,11,R134aDet,0
22.22040013,15.3098419,-0.3148209811,-3155.634744,14.55586033,-0.5289784681,-3155.854482,0.008312699706,1,132,11,R134aDet,0
22.23117182,14.55586033,-0.5289784681,-3155.854482,14.67680918,-0.5968120269,-3155.755919,0.007066663704,1,132,11,R134aDet,0
22.23117182,14.55586033,-0.5289784681,-3155.854482,14.56221709,-0.5163734062,-3155.853526,0.001672891828,1,158,11,R134aDet,0
22.22040013,15.3098419,-0.3148209811,-3155.634744,15.3194624,-0.3081814355,-3155.675347,0.003209449445,1,157,11,R134aDet,0
22.21554254,15.6510644,-0.2740739965,-3155.384944,15.65573624,-0.2843894405,-3155.389764,0.001534837812,1,156,11,R134aDet,0
22.20792507,16.20479934,0.2207666319,-3155.426734,16.20951958,0.2171607307,-3155.403498,0.002302193266,1,155,11,R134aDet,0
22.15552597,16.71278892,0.4913308037,-3141.803449,16.72612263,0.4909060775,-3141.803796,0.001613551422,1,131,11,R134aDet,0
21.91564634,15.72190114,0.3571145606,-3069.897894,14.31989946,1.52051994,-3070.290284,0.00508820503,1,130,11,R134aDet,0
21.93171017,14.31989946,1.52051994,-3070.290284,14.17141292,1.52227832,-3070.409774,0.0009189656471,1,130,11,R134aDet,0
21.93426426,14.17141292,1.52227832,-3070.409774,14.11703393,1.560560924,-3070.480272,0.0007077367689,1,130,11,R134aDet,0
21.935666,14.11703393,1.560560924,-3070.480272,14.03009946,1.634893144,-3070.55363,0.0008502103752,1,130,11,R134aDet,0
21.93788221,14.03009946,1.634893144,-3070.55363,13.92846958,1.745786159,-3070.660351,0.007391535922,1,130,11,R134aDet,0
21.93788221,14.03009946,1.634893144,-3070.55363,14.0022183,1.621587541,-3070.541159,0.002792829067,1,162,11,R134aDet,0
21.935666,14.11703393,1.560560924,-3070.480272,14.11816457,1.543128551,-3070.499517,0.002414171819,1,161,11,R134aDet,0
21.93426426,14.17141292,1.52227832,-3070.409774,14.17137284,1.511509939,-3070.415667,0.001532393742,1,160,11,R134aDet,0
21.71999246,14.91591995,0.2482055375,-3011.249275,12.92623774,5.913508043,-3013.305388,0.008102874571,1,129,11,R134aDet,0
21.75634063,12.92623774,5.913508043,-3013.305388,12.38189007,10.24957861,-3012.452329,0.004895880654,1,129,11,R134aDet,0
21.78294282,12.38189007,10.24957861,-3012.452329,11.94605703,11.36753603,-3011.928201,0.001117559558,1,129,11,R134aDet,0
21.79095932,11.94605703,11.36753603,-3011.928201,10.06463699,16.49449608,-3009.656223,0.00736532366,1,129,11,R134aDet,0
21.8273318,10.06463699,16.49449608,-3009.656223,10.05586292,16.36318163,-3009.334731,0.0006868440087,1,129,11,R134aDet,0
21.82956054,10.05586292,16.36318163,-3009.334731,12.1046037,14.03170541,-3005.379947,0.01128767755,1,129,11,R134aDet,0
21.86601624,12.1046037,14.03170541,-3005.379947,13.08376053,13.34332228,-3004.391528,0.003043239366,1,129,11,R134aDet,0
21.87822987,13.08376053,13.34332228,-3004.391528,15.25138642,12.31009259,-3002.128008,0.01008235373,1,129,11,R134aDet,0
21.90546731,15.25138642,12.31009259,-3002.128008,16.98888871,12.73071838,-3001.076067,0.01025870366,1,129,11,R134aDet,0
21.92449052,16.98888871,12.73071838,-3001.076067,18.31737025,13.31803968,-3001.433157,0.008428223606,1,129,11,R134aDet,0
21.94079414,18.31737025,13.31803968,-3001.433157,18.65310306,13.69456899,-3002.110585,0.00882646345,1,129,11,R134aDet,0
21.95188719,18.65310306,13.69456899,-3002.110585,18.57446246,13.50497914,-3002.229413,0.008497100006,1,129,11,R134aDet,0
21.92449052,16.98888871,12.73071838,-3001.076067,16.98609442,12.72977273,-3001.088341,0.001559134085,1,169,11,R134aDet,0
21.87822987,13.08376053,13.34332228,-3004.391528,13.09894911,13.36642405,-3004.395103,0.002515741619,1,168,11,R134aDet,0
21.82956054,10.05586292,16.36318163,-3009.334731,9.991873603,16.3680335,-3009.295334,9.704336163e-05,1,167,11,R134aDet,0
21.83044348,9.991873603,16.3680335,-3009.295334,8.995643159,16.31760604,-3008.622119,0.007106008117,1,167,11,R134aDet,0
21.84458351,8.995643159,16.31760604,-3008.622119,8.733266707,15.74393681,-3008.468782,0.009579367964,1,167,11,R134aDet,0
21.85376921,8.733266707,15.74393681,-3008.468782,8.826087993,15.74386546,-3008.505416,0.005240697084,1,167,11,R134aDet,0
21.8273318,10.06463699,16.49449608,-3009.656223,10.03834669,16.47871438,-3009.662899,0.002696644415,1,166,11,R134aDet,0
21.78294282,12.38189007,10.24957861,-3012.452329,12.39383419,10.25586791,-3012.455401,0.001650508013,1,165,11,R134aDet,0
21.75634063,12.92623774,5.913508043,-3013.305388,12.98508311,5.932261816,-3013.354736,0.004597432094,1,164,11,R134aDet,0
21.32119499,13.27343781,0.02095239506,-2891.706958,13.26845622,0.008951924226,-2891.707562,0.001588221559,1,128,11,R134aDet,0
23.50151592,-709.8816292,-1115.624427,-2800,-711.7420116,-1118.415314,-2802.159965,0.004037045321,1,120,-11,R134aDet,0
23.51483769,-711.7420116,-1118.415314,-2802.159965,-739.0229373,-1158.177963,-2833.847259,0.03127636,1,120,-11,R134aDet,0
23.70747616,-739.0229373,-1158.177963,-2833.847259,-744.0103624,-1165.843272,-2839.664473,0.007355883441,1,120,-11,R134aDet,0
23.74366794,-744.0103624,-1165.843272,-2839.664473,-785.9012275,-1228.426473,-2891.328764,0.05429351596,1,120,-11,R134aDet,0
24.04853222,-785.9012275,-1228.426473,-2891.328764,-799.7435371,-1248.300106,-2908.247939,0.01994650837,1,120,-11,R134aDet,0
24.14717871,-799.7435371,-1248.300106,-2908.247939,-861.9284022,-1331.862065,-2983.23527,0.06761168471,1,120,-11,R134aDet,0
24.57555679,-861.9284022,-1331.862065,-2983.23527,-862.5901034,-1332.773011,-2984.087685,0.001091080645,1,120,-11,R134aDet,0
24.58027273,-862.5901034,-1332.773011,-2984.087685,-868.8060347,-1341.413011,-2992.604431,0.006400807066,1,120,-11,R134aDet,0
24.62582409,-868.8060347,-1341.413011,-2992.604431,-871.1457586,-1344.696173,-2995.92599,0.00335248826,1,120,-11,R134aDet,0
24.64328029,-871.1457586,-1344.696173,-2995.92599,-871.1486648,-1344.700229,-2995.930068,3.402953037e-06,1,120,-11,R134aDet,0
24.64330183,-871.1486648,-1344.700229,-2995.930068,-884.3871628,-1362.274939,-3013.639286,0.01603457494,1,120,-11,R134aDet,0
24.73767482,-884.3871628,-1362.274939,-3013.639286,-886.3362309,-1364.585993,-3015.46067,0.001210738377,1,120,-11,R134aDet,0
24.7494699,-886.3362309,-1364.585993,-3015.46067,-896.9336096,-1376.751053,-3025.183411,0.007455031317,1,120,-11,R134aDet,0
24.81241383,-896.9336096,-1376.751053,-3025.183411,-917.066769,-1398.258867,-3042.714532,0.01859501891,1,120,-11,R134aDet,0
24.92695846,-917.066769,-1398.258867,-3042.714532,-985.8160684,-1463.887438,-3098.529884,0.06223637391,1,120,-11,R134aDet,0
25.29505626,-985.8160684,-1463.887438,-3098.529884,-1007.141875,-1483.162943,-3116.453675,0.0198218186,1,120,-11,R134aDet,0
25.40824854,-1007.141875,-1483.162943,-3116.453675,-1014.127941,-1489.621459,-3122.509396,0.005605343317,1,120,-11,R134aDet,0
25.44593772,-1014.127941,-1489.621459,-3122.509396,-1055.567623,-1525.01024,-3155.522547,0.02988478917,1,120,-11,R134aDet,0
25.65878971,-1055.567623,-1525.01024,-3155.522547,-1108.472179,-1570.559486,-3200,0.04371946629,1,120,-11,R134aDet,0
26.49694783,-1216.858689,-1648.896414,-3300,-1248.707696,-1667.256995,-3317.536476,0.02367892235,1,120,-11,R134aDet,1
26.63310652,-1248.707696,-1667.256995,-3317.536476,-1254.145313,-1670.290566,-3319.900256,0.003096206031,1,120,-11,R134aDet,1
26.65537753,-1254.145313,-1670.290566,-3319.900256,-1260.101923,-1673.599352,-3322.348074,0.003868171197,1,120,-11,R134aDet,1
26.67958828,-1260.101923,-1673.599352,-3322.348074,-1286.163028,-1688.966551,-3332.837969,0.01192496979,1,120,-11,R134aDet,1
26.7866429,-1286.163028,-1688.966551,-3332.837969,-1387.737463,-1742.998096,-3374.388593,0.05944388138,1,120,-11,R134aDet,1
27.19528585,-1387.737463,-1742.998096,-3374.388593,-1401.552176,-1750.326403,-3380.338194,0.01179232252,1,120,-11,R134aDet,1
27.25123366,-1401.552176,-1750.326403,-3380.338194,-1467.058948,-1782.872393,-3409.936565,0.04212621242,1,120,-11,R134aDet,1
27.51494668,-1467.058948,-1782.872393,-3409.936565,-1468.395067,-1783.568536,-3410.658175,0.001659380509,1,120,-11,R134aDet,1
27.52053351,-1468.395067,-1783.568536,-3410.658175,-1484.868641,-1793.535584,-3419.782767,0.01015027605,1,120,-11,R134aDet,1
27.59178378,-1484.868641,-1793.535584,-3419.782767,-1524.495384,-1819.880358,-3441.06262,0.02796372007,1,120,-11,R134aDet,1
27.76604809,-1524.495384,-1819.880358,-3441.06262,-1529.792727,-1823.725318,-3443.93632,0.003903918331,1,120,-11,R134aDet,1
27.78995726,-1529.792727,-1823.725318,-3443.93632,-1599.561294,-1869.355368,-3479.790501,0.04684446755,1,120,-11,R134aDet,1
28.09324013,-1599.561294,-1869.355368,-3479.790501,-1670.862326,-1915.352568,-3512.558751,0.05244870364,1,120,-11,R134aDet,1
28.39723103,-1670.862326,-1915.352568,-3512.558751,-1672.507812,-1916.362179,-3513.273475,0.0003892001436,1,120,-11,R134aDet,1
28.40411704,-1672.507812,-1916.362179,-3513.273475,-1728.621511,-1947.624387,-3533.75854,0.02830470866,1,120,-11,R134aDet,1
28.62951018,-1728.621511,-1947.624387,-3533.75854,-1770.856336,-1978.812152,-3543.46539,0.03135409962,1,120,-11,R134aDet,1
28.80802796,-1770.856336,-1978.812152,-3543.46539,-1836.738071,-2029.85079,-3554.426161,0.03910871609,1,120,-11,R134aDet,1
29.08899771,-1836.738071,-2029.85079,-3554.426161,-1860.033856,-2038.769782,-3558.369406,0.01142539095,1,120,-11,R134aDet,1
29.17346536,-1860.033856,-2038.769782,-3558.369406,-1861.318795,-2039.234903,-3558.617164,0.0001929657901,1,120,-11,R134aDet,1
29.17811159,-1861.318795,-2039.234903,-3558.617164,-1937.908812,-2064.431204,-3574.114378,0.04508169159,1,120,-11,R134aDet,1
29.45257013,-1937.908812,-2064.431204,-3574.114378,-1943.028345,-2066.069144,-3575.100359,0.0028538203,1,120,-11,R134aDet,1
29.47085273,-1943.028345,-2066.069144,-3575.100359,-2000.818665,-2086.327774,-3586.432958,0.02965102963,1,120,-11,R134aDet,1
29.67908572,-2000.818665,-2086.327774,-3586.432958,-2042.036284,-2103.744384,-3594.167095,0.022476418,1,120,-11,R134aDet,1
29.83094719,-2042.036284,-2103.744384,-3594.167095,-2054.898378,-2109.363492,-3596.60788,0.009995757038,1,120,-11,R134aDet,1
29.87860732,-2054.898378,-2109.363492,-3596.60788,-2066.387428,-2114.681913,-3598.772055,0.008336988673,1,120,-11,R134aDet,1
29.92157623,-2066.387428,-2114.681913,-3598.772055,-2168.599236,-2163.29227,-3625.051353,0.06397065855,1,120,-11,R134aDet,1
30.30988811,-2168.599236,-2163.29227,-3625.051353,-2227.585883,-2192.4506,-3645.841109,0.04108484107,1,120,-11,R134aDet,1
30.54062709,-2227.585883,-2192.4506,-3645.841109,-2240.222975,-2198.183046,-3650.47076,0.006893091819,1,120,-11,R134aDet,1
30.58957064,-2240.222975,-2198.183046,-3650.47076,-2244.439032,-2200.074285,-3651.999268,0.00227998795,1,120,-11,R134aDet,1
30.60585663,-2244.439032,-2200.074285,-3651.999268,-2271.851364,-2213.181377,-3662.601814,0.02047783639,1,120,-11,R134aDet,1
30.71351037,-2271.851364,-2213.181377,-3662.601814,-2285.32362,-2219.531986,-3667.848041,0.006615149013,1,120,-11,R134aDet,1
30.7663449,-2285.32362,-2219.531986,-3667.848041,-2322.16049,-2236.646967,-3680.929523,0.01559116412,1,120,-11,R134aDet,1
30.90908388,-2322.16049,-2236.646967,-3680.929523,-2363.642976,-2255.464384,-3695.240775,0.02262149252,1,120,-11,R134aDet,1
31.06878556,-2363.642976,-2255.464384,-3695.240775,-2377.419922,-2261.923186,-3700,0.008656112821,1,120,-11,R134aDet,1
31.06878556,-2363.642976,-2255.464384,-3695.240775,-2363.64735,-2255.454723,-3695.242455,0.001410693727,1,249,11,R134aDet,1
30.90908388,-2322.16049,-2236.646967,-3680.929523,-2322.158333,-2236.641394,-3680.945645,0.001885320645,1,248,11,R134aDet,1
30.7663449,-2285.32362,-2219.531986,-3667.848041,-2285.330838,-2219.527476,-3667.836729,0.00167336288,1,247,11,R134aDet,1
30.71351037,-2271.851364,-2213.181377,-3662.601814,-2271.872234,-2213.147521,-3662.594531,0.003128009355,1,246,11,R134aDet,1
30.60585663,-2244.439032,-2200.074285,-3651.999268,-2244.430008,-2200.090016,-3652.007006,0.002048332269,1,245,11,R134aDet,1
30.58957064,-2240.222975,-2198.183046,-3650.47076,-2240.218919,-2198.148519,-3650.539451,0.004529179003,1,244,11,R134aDet,1
30.54062709,-2227.585883,-2192.4506,-3645.841109,-2227.582126,-2192.475844,-3645.825207,0.002629989997,1,243,11,R134aDet,1
30.30988811,-2168.599236,-2163.29227,-3625.051353,-2168.628644,-2163.236449,-3625.066988,0.004115103724,1,242,11,R134aDet,1
29.92157623,-2066.387428,-2114.681913,-3598.772055,-2066.448682,-2114.596876,-3598.716139,0.005779400615,1,241,11,R134aDet,1
29.87860732,-2054.898378,-2109.363492,-3596.60788,-2054.892962,-2109.371735,-3596.621379,0.001853353385,1,240,11,R134aDet,1
29.83094719,-2042.036284,-2103.744384,-3594.167095,-2042.041803,-2103.738306,-3594.154282,0.001749468155,1,239,11,R134aDet,1
29.67908572,-2000.818665,-2086.327774,-3586.432958,-2000.821426,-2086.327136,-3586.420207,0.001592370804,1,238,11,R134aDet,1
29.47085273,-1943.028345,-2066.069144,-3575.100359,-1943.025674,-2066.07192,-3575.111124,0.001466532534,1,237,11,R134aDet,1
29.45257013,-1937.908812,-2064.431204,-3574.114378,-1937.904879,-2064.440811,-3574.121061,0.001537848776,1,236,11,R134aDet,1
29.17811159,-1861.318795,-2039.234903,-3558.617164,-1861.320051,-2039.22566,-3558.633991,0.002018302615,1,235,11,R134aDet,1
29.17346536,-1860.033856,-2038.769782,-3558.369406,-1860.03897,-2038.7686,-3558.349837,0.002082047529,1,234,11,R134aDet,1
29.08899771,-1836.738071,-2029.85079,-3554.426161,-1836.734862,-2029.853817,-3554.443864,0.001954536543,1,233,11,R134aDet,1
28.80802796,-1770.856336,-1978.812152,-3543.46539,-1770.835428,-1978.846025,-3543.454977,0.003160078852,1,232,11,R134aDet,1
28.62951018,-1728.621511,-1947.624387,-3533.75854,-1728.617007,-1947.627073,-3533.774092,0.001832562165,1,231,11,R134aDet,1
28.40411704,-1672.507812,-1916.362179,-3513.273475,-1671.674042,-1917.677509,-3514.342183,0.008307463853,1,230,11,R134aDet,1
28.4230478,-1671.674042,-1917.677509,-3514.342183,-1671.358548,-1917.926356,-3515.529896,0.007011887239,1,230,11,R134aDet,1
28.43757794,-1671.358548,-1917.926356,-3515.529896,-1671.292409,-1917.624954,-3515.613396,0.001539658042,1,230,11,R134aDet,1
28.4419955,-1671.292409,-1917.624954,-3515.613396,-1671.392498,-1917.322694,-3515.783928,0.01071237136,1,230,11,R134aDet,1
28.4419955,-1671.292409,-1917.624954,-3515.613396,-1671.252423,-1917.6067,-3515.605061,0.003318211982,1,260,11,R134aDet,1
28.39723103,-1670.862326,-1915.352568,-3512.558751,-1670.863128,-1915.358128,-3512.550222,0.001367756451,1,229,11,R134aDet,1
28.09324013,-1599.561294,-1869.355368,-3479.790501,-1599.55741,-1869.37236,-3479.778321,0.002143187175,1,228,11,R134aDet,1
27.78995726,-1529.792727,-1823.725318,-3443.93632,-1529.740701,-1823.703421,-3444.105316,0.001494058765,1,227,11,R134aDet,1
27.79316868,-1529.740701,-1823.703421,-3444.105316,-1529.72282,-1823.624282,-3444.174571,0.005440746967,1,227,11,R134aDet,1
27.79316868,-1529.740701,-1823.703421,-3444.105316,-1529.759871,-1823.698883,-3444.105178,0.002047270877,1,261,11,R134aDet,1
27.76604809,-1524.495384,-1819.880358,-3441.06262,-1524.504039,-1819.875013,-3441.055093,0.001561434955,1,226,11,R134aDet,1
27.59178378,-1484.868641,-1793.535584,-3419.782767,-1484.884328,-1793.526137,-3419.767923,0.002278750877,1,225,11,R134aDet,1
27.52053351,-1468.395067,-1783.568536,-3410.658175,-1468.669679,-1783.32014,-3410.633211,0.0004952139405,1,224,11,R134aDet,1
27.52305277,-1468.669679,-1783.32014,-3410.633211,-1474.115671,-1780.716828,-3410.343734,0.01024923065,1,224,11,R134aDet,1
27.56465643,-1474.115671,-1780.716828,-3410.343734,-1477.607455,-1781.715289,-3410.982021,0.009555045317,1,224,11,R134aDet,1
27.59167868,-1477.607455,-1781.715289,-3410.982021,-1480.020716,-1780.253461,-3411.409628,0.007724136372,1,224,11,R134aDet,1
27.6164,-1480.020716,-1780.253461,-3411.409628,-1480.72082,-1780.548289,-3413.484074,0.006441541506,1,224,11,R134aDet,1
27.63732712,-1480.72082,-1780.548289,-3413.484074,-1482.158693,-1780.764191,-3412.831067,0.006693007468,1,224,11,R134aDet,1
27.65389731,-1482.158693,-1780.764191,-3412.831067,-1482.189506,-1780.517421,-3412.613719,0.005171838376,1,224,11,R134aDet,1
27.65929749,-1482.189506,-1780.517421,-3412.613719,-1482.206915,-1780.539579,-3412.549779,0.004287521412,1,224,11,R134aDet,1
27.65929749,-1482.189506,-1780.517421,-3412.613719,-1482.200749,-1780.513249,-3412.615302,0.001518554334,1,265,11,R134aDet,1
27.65389731,-1482.158693,-1780.764191,-3412.831067,-1482.303853,-1780.713813,-3412.906098,0.0005242964089,1,264,11,R134aDet,1
27.65670839,-1482.303853,-1780.713813,-3412.906098,-1482.573349,-1780.514496,-3412.861523,0.01033084916,1,264,11,R134aDet,1
27.59167868,-1477.607455,-1781.715289,-3410.982021,-1477.759887,-1781.998403,-3411.138119,0.01065085314,1,263,11,R134aDet,1
27.52305277,-1468.669679,-1783.32014,-3410.633211,-1468.662986,-1783.304389,-3410.644025,0.002081019836,1,262,11,R134aDet,1
27.51494668,-1467.058948,-1782.872393,-3409.936565,-1467.085133,-1782.848561,-3409.915757,0.003156608188,1,223,11,R134aDet,1
27.25123366,-1401.552176,-1750.326403,-3380.338194,-1401.562823,-1750.309279,-3380.337003,0.002078321077,1,222,11,R134aDet,1
27.19528585,-1387.737463,-1742.998096,-3374.388593,-1387.729868,-1743.015098,-3374.386551,0.00198604618,1,221,11,R134aDet,1
26.7866429,-1286.163028,-1688.966551,-3332.837969,-1286.168582,-1688.963042,-3332.829728,0.001394547054,1,220,11,R134aDet,1
26.67958828,-1260.101923,-1673.599352,-3322.348074,-1260.125391,-1673.567968,-3322.340567,0.003103886932,1,219,11,R134aDet,1
26.65537753,-1254.145313,-1670.290566,-3319.900256,-1254.141926,-1670.267751,-3319.947015,0.003626382756,1,218,11,R134aDet,1
26.63310652,-1248.707696,-1667.256995,-3317.536476,-1248.708104,-1667.263417,-3317.528349,0.001380365865,1,217,11,R134aDet,1
26.44129266,-1195.96115,-1628.50535,-3300,-1200.279631,-1625.31023,-3308.298968,0.008224531353,1,213,11,R134aDet,1
26.47682052,-1200.279631,-1625.31023,-3308.298968,-1235.236406,-1582.138988,-3362.938018,0.04445299085,1,213,11,R134aDet,1
26.75231807,-1235.236406,-1582.138988,-3362.938018,-1254.581845,-1549.822221,-3406.228728,0.02378118193,1,213,11,R134aDet,1
26.9574475,-1254.581845,-1549.822221,-3406.228728,-1254.642927,-1549.555057,-3406.9539,1.486575795e-05,1,213,11,R134aDet,1
26.96027557,-1254.642927,-1549.555057,-3406.9539,-1255.738805,-1543.747287,-3423.469334,0.008520215048,1,213,11,R134aDet,1
27.02411529,-1255.738805,-1543.747287,-3423.469334,-1255.677947,-1538.870657,-3444.097046,0.01018350522,1,213,11,R134aDet,1
27.10130836,-1255.677947,-1538.870657,-3444.097046,-1255.231931,-1538.738669,-3454.635627,0.005039576567,1,213,11,R134aDet,1
27.13992977,-1255.231931,-1538.738669,-3454.635627,-1262.504283,-1541.720344,-3531.917084,0.04314400329,1,213,11,R134aDet,1
27.41800813,-1262.504283,-1541.720344,-3531.917084,-1281.017672,-1532.035887,-3557.570824,0.01744787035,1,213,11,R134aDet,1
27.53926167,-1281.017672,-1532.035887,-3557.570824,-1291.843364,-1533.128832,-3569.346028,0.008732374946,1,213,11,R134aDet,1
27.59973296,-1291.843364,-1533.128832,-3569.346028,-1301.067531,-1534.841681,-3577.731402,0.003667830767,1,213,11,R134aDet,1
27.64740794,-1301.067531,-1534.841681,-3577.731402,-1318.055668,-1538.42475,-3596.030146,0.01290853922,1,213,11,R134aDet,1
27.74253976,-1318.055668,-1538.42475,-3596.030146,-1320.704223,-1539.664318,-3597.583864,0.002516227727,1,213,11,R134aDet,1
27.75524615,-1320.704223,-1539.664318,-3597.583864,-1334.608586,-1543.500393,-3600.885317,0.01015350332,1,213,11,R134aDet,1
27.81241794,-1334.608586,-1543.500393,-3600.885317,-1369.373256,-1566.872722,-3618.276656,0.02933094517,1,213,11,R134aDet,1
27.98487655,-1369.373256,-1566.872722,-3618.276656,-1425.650381,-1583.257959,-3652.808041,0.03523994692,1,213,11,R134aDet,1
28.24102569,-1425.650381,-1583.257959,-3652.808041,-1431.721048,-1582.027152,-3657.259024,0.003151386461,1,213,11,R134aDet,1
28.27212831,-1431.721048,-1582.027152,-3657.259024,-1433.508146,-1581.547648,-3657.807506,0.001077854434,1,213,11,R134aDet,1
28.28020033,-1433.508146,-1581.547648,-3657.807506,-1451.073358,-1582.011362,-3666.649182,0.01337362063,1,213,11,R134aDet,1
28.36124266,-1451.073358,-1582.011362,-3666.649182,-1455.271807,-1582.867251,-3668.882257,0.00517876614,1,213,11,R134aDet,1
28.38171296,-1455.271807,-1582.867251,-3668.882257,-1493.443818,-1576.001742,-3689.49224,0.03616577022,1,213,11,R134aDet,1
28.56470904,-1493.443818,-1576.001742,-3689.49224,-1500.278443,-1577.039664,-3694.995497,0.005406194113,1,213,11,R134aDet,1
28.60362125,-1500.278443,-1577.039664,-3694.995497,-1506.460174,-1580.247854,-3700,0.006629345754,1,213,11,R134aDet,1
29.74325795,-1635.854753,-1740.520895,-3700,-1637.693093,-1743.685524,-3689.9912,0.009475906251,1,213,11,R134aDet,1
29.79726393,-1637.693093,-1743.685524,-3689.9912,-1636.118205,-1736.741128,-3683.263684,0.01283334147,1,213,11,R134aDet,1
29.84970414,-1636.118205,-1736.741128,-3683.263684,-1629.37342,-1728.230925,-3680.807178,0.01333996803,1,213,11,R134aDet,1
29.91036874,-1629.37342,-1728.230925,-3680.807178,-1631.208158,-1727.355121,-3680.703348,0.002433265254,1,213,11,R134aDet,1
29.92307627,-1631.208158,-1727.355121,-3680.703348,-1632.255776,-1726.901237,-3680.563124,0.000981668446,1,213,11,R134aDet,1
29.93053931,-1632.255776,-1726.901237,-3680.563124,-1638.177398,-1729.30883,-3680.369068,0.008237195178,1,213,11,R134aDet,1
29.97038905,-1638.177398,-1729.30883,-3680.369068,-1642.096326,-1731.422425,-3678.710198,0.009683116205,1,213,11,R134aDet,1
30.0054171,-1642.096326,-1731.422425,-3678.710198,-1642.793738,-1732.172922,-3679.567937,0.001723772216,1,213,11,R134aDet,1
30.01600611,-1642.793738,-1732.172922,-3679.567937,-1644.106199,-1733.807889,-3680.328833,0.01497895488,1,213,11,R134aDet,1
30.03706227,-1644.106199,-1733.807889,-3680.328833,-1644.21374,-1734.139595,-3681.344735,0.009126817614,1,213,11,R134aDet,1
30.05016251,-1644.21374,-1734.139595,-3681.344735,-1643.82807,-1734.17178,-3681.343951,0.01112686271,1,213,11,R134aDet,1
30.01600611,-1642.793738,-1732.172922,-3679.567937,-1643.006818,-1731.77778,-3680.094535,0.01014403033,1,297,11,R134aDet,1
30.02562672,-1643.006818,-1731.77778,-3680.094535,-1643.106098,-1731.773066,-3680.097722,0.005230490883,1,297,11,R134aDet,1
29.93053931,-1632.255776,-1726.901237,-3680.563124,-1632.260722,-1726.570102,-3680.401279,0.0108326861,1,296,11,R134aDet,1
29.92307627,-1631.208158,-1727.355121,-3680.703348,-1631.177779,-1727.292836,-3680.708625,0.004274487339,1,295,11,R134aDet,1
29.84970414,-1636.118205,-1736.741128,-3683.263684,-1636.145856,-1736.703303,-3683.273337,0.003450022052,1,294,11,R134aDet,1
29.79726393,-1637.693093,-1743.685524,-3689.9912,-1638.236952,-1744.146803,-3689.633706,0.01125086029,1,293,11,R134aDet,1
29.80780011,-1638.236952,-1744.146803,-3689.633706,-1638.256356,-1744.090195,-3689.680761,0.004500522934,1,293,11,R134aDet,1
29.80780011,-1638.236952,-1744.146803,-3689.633706,-1638.244939,-1744.152254,-3689.637011,0.001368288519,1,298,11,R134aDet,1
28.60362125,-1500.278443,-1577.039664,-3694.995497,-1500.266231,-1577.01775,-3695.026289,0.003110193392,1,287,11,R134aDet,1
28.56470904,-1493.443818,-1576.001742,-3689.49224,-1493.443576,-1575.955667,-3689.49244,0.0002718910012,1,286,11,R134aDet,1
28.56551529,-1493.443576,-1575.955667,-3689.49244,-1493.466609,-1575.882863,-3689.553366,0.00517843073,1,286,11,R134aDet,1
28.56551529,-1493.443576,-1575.955667,-3689.49244,-1493.430927,-1575.912587,-3689.446206,0.004095051879,1,299,11,R134aDet,1
28.38171296,-1455.271807,-1582.867251,-3668.882257,-1455.279356,-1582.84997,-3668.872479,0.002141944705,1,285,11,R134aDet,1
28.36124266,-1451.073358,-1582.011362,-3666.649182,-1451.082502,-1582.003435,-3666.639131,0.001785546831,1,284,11,R134aDet,1
28.28020033,-1433.508146,-1581.547648,-3657.807506,-1433.533353,-1581.440624,-3657.712646,0.006468349389,1,283,11,R134aDet,1
28.27212831,-1431.721048,-1582.027152,-3657.259024,-1431.312257,-1582.267765,-3658.946124,0.008242962328,1,282,11,R134aDet,1
28.29017576,-1431.312257,-1582.267765,-3658.946124,-1431.211653,-1582.252711,-3658.86483,0.0001540215005,1,282,11,R134aDet,1
28.29174149,-1431.211653,-1582.252711,-3658.86483,-1430.478139,-1582.183666,-3658.034014,0.008414777765,1,282,11,R134aDet,1
28.30513998,-1430.478139,-1582.183666,-3658.034014,-1430.244362,-1581.837322,-3658.10456,0.005275956644,1,282,11,R134aDet,1
28.31169633,-1430.244362,-1581.837322,-3658.10456,-1430.293307,-1581.927251,-3658.156115,0.005665110156,1,282,11,R134aDet,1
28.31169633,-1430.244362,-1581.837322,-3658.10456,-1430.235454,-1581.842278,-3658.104435,0.001366209573,1,300,11,R134aDet,1
28.24102569,-1425.650381,-1583.257959,-3652.808041,-1425.880951,-1585.057037,-3653.378562,0.009318401895,1,281,11,R134aDet,1
28.26003726,-1425.880951,-1585.057037,-3653.378562,-1426.529127,-1585.885059,-3653.932831,0.008365696307,1,281,11,R134aDet,1
28.27406168,-1426.529127,-1585.885059,-3653.932831,-1426.303779,-1585.976482,-3654.415274,0.01336893308,1,281,11,R134aDet,1
27.98487655,-1369.373256,-1566.872722,-3618.276656,-1369.380771,-1566.859767,-3618.280907,0.001774196481,1,280,11,R134aDet,1
27.81241794,-1334.608586,-1543.500393,-3600.885317,-1334.601246,-1543.486598,-3600.932266,0.003518284968,1,279,11,R134aDet,1
27.75524615,-1320.704223,-1539.664318,-3597.583864,-1320.495203,-1540.001265,-3598.007729,0.001582108888,1,278,11,R134aDet,1
27.76051419,-1320.495203,-1540.001265,-3598.007729,-1320.075917,-1541.841954,-3599.227268,0.008261630873,1,278,11,R134aDet,1
27.78167406,-1320.075917,-1541.841954,-3599.227268,-1319.234982,-1543.148551,-3599.557919,0.007729546937,1,278,11,R134aDet,1
27.79856079,-1319.234982,-1543.148551,-3599.557919,-1319.594629,-1543.732677,-3599.969081,0.008471725223,1,278,11,R134aDet,1
27.80923326,-1319.594629,-1543.732677,-3599.969081,-1319.670035,-1543.889619,-3600.113747,0.008281096993,1,278,11,R134aDet,1
27.79856079,-1319.234982,-1543.148551,-3599.557919,-1319.252456,-1543.127301,-3599.573223,0.002701652769,1,302,11,R134aDet,1
27.76051419,-1320.495203,-1540.001265,-3598.007729,-1320.495094,-1539.995295,-3598.016839,0.001423234176,1,301,11,R134aDet,1
27.74253976,-1318.055668,-1538.42475,-3596.030146,-1318.123172,-1538.23326,-3596.066604,0.007865777643,1,277,11,R134aDet,1
27.64740794,-1301.067531,-1534.841681,-3577.731402,-1301.081946,-1534.869738,-3577.720947,0.002788631664,1,276,11,R134aDet,1
27.59973296,-1291.843364,-1533.128832,-3569.346028,-1291.832787,-1533.134103,-3569.360169,0.001966477154,1,275,11,R134aDet,1
27.53926167,-1281.017672,-1532.035887,-3557.570824,-1280.772476,-1530.629454,-3558.037433,0.002228192277,1,274,11,R134aDet,1
27.54904761,-1280.772476,-1530.629454,-3558.037433,-1280.506172,-1528.218775,-3558.863347,0.004842347955,1,274,11,R134aDet,1
27.56592078,-1280.506172,-1528.218775,-3558.863347,-1278.466564,-1522.612266,-3559.379291,0.01152951224,1,274,11,R134aDet,1
27.60725026,-1278.466564,-1522.612266,-3559.379291,-1279.482537,-1523.093702,-3558.386308,0.002615500474,1,274,11,R134aDet,1
27.61837228,-1279.482537,-1523.093702,-3558.386308,-1281.317255,-1524.416544,-3556.891644,0.004794186684,1,274,11,R134aDet,1
27.63945672,-1281.317255,-1524.416544,-3556.891644,-1282.629867,-1525.762673,-3556.668905,0.007760475512,1,274,11,R134aDet,1
27.65881506,-1282.656005,-1525.778084,-3556.685972,-1282.755533,-1525.959486,-3556.811024,0.001219791233,1,274,11,R134aDet,1
27.66180821,-1282.755533,-1525.959486,-3556.811024,-1282.920395,-1526.556047,-3557.041104,0.01105502478,1,274,11,R134aDet,1
27.67110781,-1282.920395,-1526.556047,-3557.041104,-1282.931065,-1526.599699,-3557.002223,0.003909614239,1,274,11,R134aDet,1
27.66180821,-1282.755533,-1525.959486,-3556.811024,-1282.799891,-1525.944437,-3556.819207,0.003437983792,1,307,11,R134aDet,1
27.65881506,-1282.656005,-1525.778084,-3556.685972,-1282.696912,-1525.749743,-3556.695318,0.003565574422,1,306,11,R134aDet,1
27.63945672,-1281.317255,-1524.416544,-3556.891644,-1281.847224,-1523.836908,-3556.320935,0.01133572154,1,305,11,R134aDet,1
27.65168194,-1281.847224,-1523.836908,-3556.320935,-1281.803285,-1523.688428,-3556.204619,0.007594983622,1,305,11,R134aDet,1
27.61837228,-1279.482537,-1523.093702,-3558.386308,-1279.440657,-1523.111966,-3558.349591,0.003879095636,1,304,11,R134aDet,1
27.56592078,-1280.506172,-1528.218775,-3558.863347,-1280.56386,-1528.195086,-3558.846211,0.004103232628,1,303,11,R134aDet,1
27.41800813,-1262.504283,-1541.720344,-3531.917084,-1262.50877,-1541.733491,-3531.917315,0.001654170489,1,273,11,R134aDet,1
27.13992977,-1255.231931,-1538.738669,-3454.635627,-1255.251222,-1538.734465,-3454.639021,0.00206800233,1,272,11,R134aDet,1
27.10130836,-1255.677947,-1538.870657,-3444.097046,-1255.669821,-1538.862676,-3444.097807,0.00146511346,1,271,11,R134aDet,1
27.02411529,-1255.738805,-1543.747287,-3423.469334,-1255.71836,-1543.78216,-3423.483973,0.003242178687,1,270,11,R134aDet,1
26.96027557,-1254.642927,-1549.555057,-3406.9539,-1254.864139,-1548.720278,-3406.817201,0.01123992387,1,269,11,R134aDet,1
26.97164174,-1254.864139,-1548.720278,-3406.817201,-1254.998635,-1548.66761,-3406.805183,0.006461431549,1,269,11,R134aDet,1
26.9574475,-1254.581845,-1549.822221,-3406.228728,-1254.61757,-1549.800306,-3406.220035,0.0032337766,1,268,11,R134aDet,1
26.75231807,-1235.236406,-1582.138988,-3362.938018,-1235.254443,-1582.152766,-3362.939659,0.002231603734,1,267,11,R134aDet,1
26.47682052,-1200.279631,-1625.31023,-3308.298968,-1200.507701,-1625.537142,-3308.316512,0.0100599549,1,266,11,R134aDet,1
25.65878971,-1055.567623,-1525.01024,-3155.522547,-1055.558375,-1525.00402,-3155.541713,0.002197324575,1,209,11,R134aDet,0
25.44593772,-1014.127941,-1489.621459,-3122.509396,-1014.049949,-1489.626471,-3122.621417,0.002816214697,1,208,11,R134aDet,0
25.44836238,-1014.049949,-1489.626471,-3122.621417,-1014.010111,-1489.609116,-3122.625477,0.003270662609,1,208,11,R134aDet,0
25.44836238,-1014.049949,-1489.626471,-3122.621417,-1014.044071,-1489.647868,-3122.656616,0.003180872558,1,308,11,R134aDet,0
25.40824854,-1007.141875,-1483.162943,-3116.453675,-1007.15828,-1483.180377,-3116.419617,0.003181720822,1,207,11,R134aDet,0
25.29505626,-985.8160684,-1463.887438,-3098.529884,-985.8169479,-1463.879905,-3098.537225,0.00139588015,1,206,11,R134aDet,0
24.92695846,-917.066769,-1398.258867,-3042.714532,-917.075151,-1398.251288,-3042.714753,0.001456137737,1,205,11,R134aDet,0
24.81241383,-896.9336096,-1376.751053,-3025.183411,-896.8564794,-1376.853307,-3025.159775,0.006085797292,1,204,11,R134aDet,0
24.7494699,-886.3362309,-1364.585993,-3015.46067,-886.3548558,-1364.566003,-3015.468652,0.002546686309,1,203,11,R134aDet,0
24.73767482,-884.3871628,-1362.274939,-3013.639286,-884.4432201,-1362.178471,-3013.723339,0.006329336336,1,202,11,R134aDet,0
24.64330183,-871.1486648,-1344.700229,-2995.930068,-871.13385,-1344.748337,-2995.898891,0.003901620136,1,201,11,R134aDet,0
24.64328029,-871.1457586,-1344.696173,-2995.92599,-871.1254732,-1344.704756,-2995.933548,0.002262377509,1,200,11,R134aDet,0
24.62582409,-868.8060347,-1341.413011,-2992.604431,-868.6756848,-1341.496555,-2992.632645,0.006765808177,1,199,11,R134aDet,0
24.57555679,-861.9284022,-1331.862065,-2983.23527,-861.9296309,-1331.873845,-2983.22294,0.001878792551,1,197,11,R134aDet,0
24.14717871,-799.7435371,-1248.300106,-2908.247939,-799.7291095,-1248.291073,-2908.272842,0.002634843617,1,196,11,R134aDet,0
24.04853222,-785.9012275,-1228.426473,-2891.328764,-785.8976897,-1228.420993,-2891.339094,0.001527907185,1,195,11,R134aDet,0
23.74366794,-744.0103624,-1165.843272,-2839.664473,-744.0143722,-1165.829367,-2839.680789,0.002175851472,1,194,11,R134aDet,0
23.70747616,-739.0229373,-1158.177963,-2833.847259,-738.9834131,-1158.060503,-2834.079478,0.009000150268,1,193,11,R134aDet,0
23.51483769,-711.7420116,-1118.415314,-2802.159965,-711.9214833,-1118.342907,-2802.131736,0.007636483316,1,192,11,R134aDet,0
21.61892416,344.0232183,452.1511543,-2800,356.0072197,467.578,-2828.102866,0.0182944333,1,119,11,R134aDet,0
21.73309728,356.0072197,467.578,-2828.102866,358.2087305,470.4280786,-2833.285728,0.002120157524,1,119,11,R134aDet,0
21.75415133,358.2087305,470.4280786,-2833.285728,359.1911748,471.7149134,-2835.619231,0.002529361968,1,119,11,R134aDet,0
21.76362594,359.1911748,471.7149134,-2835.619231,359.793435,472.4995923,-2837.042113,0.003886149553,1,119,11,R134aDet,0
21.76940693,359.793435,472.4995923,-2837.042113,363.2639449,477.0581322,-2845.216374,0.005926839982,1,119,11,R134aDet,0
21.80270697,363.2639449,477.0581322,-2845.216374,364.2753069,478.3848161,-2847.59679,0.001649674438,1,119,11,R134aDet,0
21.81240387,364.2753069,478.3848161,-2847.59679,365.6288597,480.1773978,-2850.813445,0.002585397356,1,119,11,R134aDet,0
21.82549189,365.6288597,480.1773978,-2850.813445,369.9449315,485.9425594,-2861.024956,0.007677482728,1,119,11,R134aDet,0
21.86717673,369.9449315,485.9425594,-2861.024956,377.9465357,496.6169304,-2880.203679,0.01418723982,1,119,11,R134aDet,0
21.94511154,377.9465357,496.6169304,-2880.203679,387.3019297,509.0522415,-2902.236181,0.01487627072,1,119,11,R134aDet,0
22.03509471,387.3019297,509.0522415,-2902.236181,395.7557135,520.3725714,-2922.3061,0.01431312328,1,119,11,R134aDet,0
22.11697267,395.7557135,520.3725714,-2922.3061,396.3337623,521.1413275,-2923.673627,0.00121145752,1,119,11,R134aDet,0
22.12255009,396.3337623,521.1413275,-2923.673627,415.0695534,546.6925638,-2969.122477,0.02914071209,1,119,11,R134aDet,0
22.30736859,415.0695534,546.6925638,-2969.122477,422.5992308,557.0418867,-2987.370521,0.01211395936,1,119,11,R134aDet,0
22.38172314,422.5992308,557.0418867,-2987.370521,439.4614878,580.3842848,-3028.085574,0.02803906505,1,119,11,R134aDet,0
22.54808129,439.4614878,580.3842848,-3028.085574,463.5759732,613.8271877,-3085.353046,0.03722301221,1,119,11,R134aDet,0
22.78347895,463.5759732,613.8271877,-3085.353046,468.8123336,621.0895984,-3097.903652,0.007334598601,1,119,11,R134aDet,0
22.83490892,468.8123336,621.0895984,-3097.903652,476.2697615,631.3219894,-3115.780067,0.01425052307,1,119,11,R134aDet,0
22.90798678,476.2697615,631.3219894,-3115.780067,484.5025497,642.5923599,-3135.522687,0.01242849568,1,119,11,R134aDet,0
22.98864288,484.5025497,642.5923599,-3135.522687,497.8989557,660.7499718,-3167.121314,0.02159339218,1,119,11,R134aDet,0
23.11817095,497.8989557,660.7499718,-3167.121314,505.7580941,671.5848094,-3186.061133,0.0116547732,1,119,11,R134aDet,0
23.19553872,505.7580941,671.5848094,-3186.061133,506.0252066,671.9598458,-3186.70985,0.0003226873396,1,119,11,R134aDet,0
23.19819252,506.0252066,671.9598458,-3186.70985,511.469158,679.6259758,-3200,0.01152376698,1,119,11,R134aDet,0
23.66051961,552.370222,736.952476,-3300,553.2961987,738.254521,-3302.261138,0.001847006092,1,119,11,R134aDet,1
23.66975581,553.2961987,738.254521,-3302.261138,555.8061366,741.7840363,-3308.419827,0.004365261097,1,119,11,R134aDet,1
23.69487251,555.8061366,741.7840363,-3308.419827,579.8815692,774.6221322,-3366.544964,0.04741208368,1,119,11,R134aDet,1
23.93161372,579.8815692,774.6221322,-3366.544964,587.3949362,785.1619544,-3385.15918,0.01759769004,1,119,11,R134aDet,1
24.00724691,587.3949362,785.1619544,-3385.15918,590.0697477,788.9215318,-3391.770044,0.004095261028,1,119,11,R134aDet,1
24.03414082,590.0697477,788.9215318,-3391.770044,592.6965928,792.5863108,-3398.261139,0.004579143506,1,119,11,R134aDet,1
24.06050664,592.6965928,792.5863108,-3398.261139,624.5270132,836.9199741,-3477.228341,0.06119295447,1,119,11,R134aDet,1
24.38072035,624.5270132,836.9199741,-3477.228341,631.5186592,846.5174721,-3494.215016,0.01276782658,1,119,11,R134aDet,1
24.44985932,631.5186592,846.5174721,-3494.215016,647.4781086,868.4015777,-3533.080508,0.0273379051,1,119,11,R134aDet,1
24.60788953,647.4781086,868.4015777,-3533.080508,649.4046758,871.1272773,-3537.988822,0.005882039373,1,119,11,R134aDet,1
24.62769092,649.4046758,871.1272773,-3537.988822,654.5375073,878.3040597,-3550.957066,0.009517741731,1,119,11,R134aDet,1
24.68001637,654.5375073,878.3040597,-3550.957066,665.5939984,893.5658489,-3579.404323,0.02770036062,1,119,11,R134aDet,1
24.79385018,665.5939984,893.5658489,-3579.404323,669.9889528,899.5684143,-3590.445888,0.007792243008,1,119,11,R134aDet,1
24.83826524,669.9889528,899.5684143,-3590.445888,682.7445855,916.8725705,-3622.82593,0.02375979618,1,119,11,R134aDet,1
24.96792116,682.7445855,916.8725705,-3622.82593,689.7863268,926.4998753,-3641.148901,0.01307259276,1,119,11,R134aDet,1
25.04085601,689.7863268,926.4998753,-3641.148901,689.9639203,926.7443551,-3641.614462,0.0002905102654,1,119,11,R134aDet,1
25.04270758,689.9639203,926.7443551,-3641.614462,710.9764776,956.4522265,-3698.435875,0.03985987886,1,119,11,R134aDet,1
25.26779345,710.9764776,956.4522265,-3698.435875,711.5678059,957.2821532,-3700,0.0008430011024,1,119,11,R134aDet,1
25.26779345,710.9764776,956.4522265,-3698.435875,710.9752903,956.4372107,-3698.445194,0.001919706406,1,364,11,R134aDet,1
25.04270758,689.9639203,926.7443551,-3641.614462,690.0673114,926.9874656,-3641.481853,0.009594050368,1,363,11,R134aDet,1
25.04085601,689.7863268,926.4998753,-3641.148901,689.8220366,926.5004108,-3641.137371,0.00299458292,1,362,11,R134aDet,1
24.96792116,682.7445855,916.8725705,-3622.82593,682.7508929,917.4200221,-3622.61545,0.0109023229,1,361,11,R134aDet,1
24.97645181,682.7508929,917.4200221,-3622.61545,682.770304,917.4216712,-3622.64998,0.003092269715,1,361,11,R134aDet,1
24.83826524,669.9889528,899.5684143,-3590.445888,669.9945524,899.5775301,-3590.439301,0.001554525601,1,360,11,R134aDet,1
24.79385018,665.5939984,893.5658489,-3579.404323,665.5621713,893.5230846,-3579.445069,0.004189971689,1,359,11,R134aDet,1
24.68001637,654.5375073,878.3040597,-3550.957066,654.548085,878.2886014,-3550.962404,0.002033233113,1,358,11,R134aDet,1
24.62769092,649.4046758,871.1272773,-3537.988822,649.4156071,871.1239758,-3537.986898,0.001478126967,1,357,11,R134aDet,1
24.60788953,647.4781086,868.4015777,-3533.080508,647.502698,868.3829582,-3533.083042,0.002674712604,1,356,11,R134aDet,1
24.44985932,631.5186592,846.5174721,-3494.215016,631.5047867,846.5407743,-3494.209439,0.002505590413,1,355,11,R134aDet,1
24.38072035,624.5270132,836.9199741,-3477.228341,622.4728963,836.8199524,-3478.706452,0.01140992512,1,354,11,R134aDet,1
24.4035805,622.4728963,836.8199524,-3478.706452,622.4349606,836.999517,-3478.863198,0.00115725209,1,354,11,R134aDet,1
24.40613158,622.4349606,836.999517,-3478.863198,622.1758299,837.6501876,-3478.897298,0.01252223547,1,354,11,R134aDet,1
24.41584454,622.1758299,837.6501876,-3478.897298,622.14847,837.6268438,-3478.888506,0.002970966694,1,354,11,R134aDet,1
24.40613158,622.4349606,836.999517,-3478.863198,622.4307664,836.9937035,-3478.969792,0.0003605256681,1,377,11,R134aDet,1
24.40788688,622.4307664,836.9937035,-3478.969792,622.228293,836.9410648,-3479.114536,0.008832481296,1,377,11,R134aDet,1
24.40788688,622.4307664,836.9937035,-3478.969792,622.439303,836.9904013,-3478.980626,0.001675292505,1,378,11,R134aDet,1
24.06050664,592.6965928,792.5863108,-3398.261139,594.0244343,790.0463698,-3400.049559,0.007448498969,1,353,11,R134aDet,1
24.08817874,594.0244343,790.0463698,-3400.049559,595.3573124,789.5797641,-3402.364101,0.009286725468,1,353,11,R134aDet,1
24.11208089,595.3573124,789.5797641,-3402.364101,596.8019685,790.7109395,-3403.042032,0.009403097992,1,353,11,R134aDet,1
24.13143954,596.8019685,790.7109395,-3403.042032,597.5754677,790.2270698,-3403.87637,0.01075304866,1,353,11,R134aDet,1
24.14583518,597.5754677,790.2270698,-3403.87637,597.1699759,790.1277032,-3403.869436,0.0116011483,1,353,11,R134aDet,1
24.03414082,590.0697477,788.9215318,-3391.770044,590.0244801,789.0359025,-3391.735122,0.00602320259,1,352,11,R134aDet,1
24.00724691,587.3949362,785.1619544,-3385.15918,587.587028,785.014493,-3385.203599,0.001766041792,1,351,11,R134aDet,1
24.01054085,587.587028,785.014493,-3385.203599,587.6977583,785.1580361,-3385.051324,0.002227892781,1,351,11,R134aDet,1
24.0144023,587.6977583,785.1580361,-3385.051324,587.6892154,785.2701359,-3385.021543,0.005711266265,1,351,11,R134aDet,1
24.0144023,587.6977583,785.1580361,-3385.051324,587.7148517,785.1502157,-3385.016348,0.003095077532,1,380,11,R134aDet,1
24.01054085,587.587028,785.014493,-3385.203599,587.6287757,785.024557,-3385.24287,0.003863039832,1,379,11,R134aDet,1
23.93161372,579.8815692,774.6221322,-3366.544964,579.8931623,774.6343424,-3366.534351,0.002059885003,1,350,11,R134aDet,1
23.69487251,555.8061366,741.7840363,-3308.419827,555.8249749,741.8101845,-3308.399669,0.003017128242,1,349,11,R134aDet,1
23.66975581,553.2961987,738.254521,-3302.261138,553.2619408,738.2853848,-3302.260707,0.003377150015,1,348,11,R134aDet,1
23.19819252,506.0252066,671.9598458,-3186.70985,506.0427066,671.9632862,-3186.701752,0.002040186089,1,345,11,R134aDet,0
23.19553872,505.7580941,671.5848094,-3186.061133,505.7595877,671.5704314,-3186.069682,0.001858453429,1,344,11,R134aDet,0
23.11817095,497.8989557,660.7499718,-3167.121314,497.8891073,660.75014,-3167.125852,0.001419421259,1,343,11,R134aDet,0
22.98864288,484.5025497,642.5923599,-3135.522687,484.4611535,642.5979775,-3135.539803,0.003335768073,1,342,11,R134aDet,0
22.90798678,476.2697615,631.3219894,-3115.780067,476.3164001,631.2908661,-3115.782811,0.003784123471,1,341,11,R134aDet,0
22.83490892,468.8123336,621.0895984,-3097.903652,468.5441551,621.2257729,-3097.974808,0.009832354234,1,340,11,R134aDet,0
22.78347895,463.5759732,613.8271877,-3085.353046,463.589531,613.8217138,-3085.351222,0.001715153142,1,339,11,R134aDet,0
22.54808129,439.4614878,580.3842848,-3028.085574,439.4988326,580.3551327,-3028.090657,0.003451335553,1,338,11,R134aDet,0
22.38172314,422.5992308,557.0418867,-2987.370521,422.5844652,557.0605949,-2987.367431,0.002305024334,1,337,11,R134aDet,0
22.30736859,415.0695534,546.6925638,-2969.122477,415.2765297,546.6346947,-2969.110162,0.001119062635,1,336,11,R134aDet,0
22.30978967,415.2765297,546.6346947,-2969.110162,416.3728843,546.3327064,-2969.374955,0.009282443549,1,336,11,R134aDet,0
22.32364757,416.3728843,546.3327064,-2969.374955,416.7165489,546.5192719,-2969.140076,0.01217886547,1,336,11,R134aDet,0
22.30978967,415.2765297,546.6346947,-2969.110162,415.2751343,546.6244386,-2969.104527,0.001494245232,1,381,11,R134aDet,0
22.12255009,396.3337623,521.1413275,-2923.673627,396.3462945,521.1533734,-2923.662721,0.002098048688,1,335,11,R134aDet,0
22.11697267,395.7557135,520.3725714,-2922.3061,395.7640236,520.3624461,-2922.308938,0.001617857241,1,334,11,R134aDet,0
22.03509471,387.3019297,509.0522415,-2902.236181,387.2460837,509.3251529,-2902.141315,0.009570444731,1,333,11,R134aDet,0
21.94511154,377.9465357,496.6169304,-2880.203679,377.9350937,496.6202497,-2880.207191,0.001543573307,1,332,11,R134aDet,0
21.86717673,369.9449315,485.9425594,-2861.024956,369.9399716,485.9529874,-2861.021715,0.001510541843,1,331,11,R134aDet,0
21.82549189,365.6288597,480.1773978,-2850.813445,365.629005,480.16531,-2850.820842,0.001674549456,1,330,11,R134aDet,0
21.81240387,364.2753069,478.3848161,-2847.59679,364.2898091,478.3762116,-2847.596321,0.001863523518,1,329,11,R134aDet,0
21.80270697,363.2639449,477.0581322,-2845.216374,363.2738959,477.0520896,-2845.21607,0.001483329176,1,328,11,R134aDet,0
21.76940693,359.793435,472.4995923,-2837.042113,359.7479243,472.4572212,-2837.091291,0.004604740502,1,327,11,R134aDet,0
21.76362594,359.1911748,471.7149134,-2835.619231,359.1465134,471.6928906,-2835.654929,0.003978647266,1,326,11,R134aDet,0
21.75415133,358.2087305,470.4280786,-2833.285728,358.2145286,470.3982362,-2833.301935,0.002848223338,1,325,11,R134aDet,0
21.73309728,356.0072197,467.578,-2828.102866,356.2451687,467.4247243,-2828.119269,0.009376174963,1,324,11,R134aDet,0
