# eventID  Edep_gas_total[MeV]  Nsteps_in_gas  Ntracks_in_gas
22 6.469749432 584 260

t0[ns],x0[mm],y0[mm],z0[mm],x1[mm],y1[mm],z1[mm],Edep[MeV],event_id,track_id,pdg,volume_name,volume_copyNo
21.01551715,18.55061072,-19.53860583,-2800,18.78631608,-19.68757657,-2818.122186,0.00949995277,22,1,13,R134aDet,0
21.07597471,18.78631608,-19.68757657,-2818.122186,19.19623933,-19.94661749,-2849.63026,0.02064350621,22,1,13,R134aDet,0
21.18108905,19.19623933,-19.94661749,-2849.63026,19.50408959,-20.14102368,-2873.29906,0.01517128184,22,1,13,R134aDet,0
21.26005072,19.50408959,-20.14102368,-2873.29906,19.95465661,-20.42567619,-2907.961732,0.02010119224,22,1,13,R134aDet,0
21.37568911,19.95465661,-20.42567619,-2907.961732,20.02113963,-20.46770116,-2913.075014,0.003428960183,22,1,13,R134aDet,0
21.39274757,20.02113963,-20.46770116,-2913.075014,20.02564312,-20.4705476,-2913.421454,0.0001007231459,22,1,13,R134aDet,0
21.39390333,20.02564312,-20.4705476,-2913.421454,20.63617512,-20.85669087,-2960.390655,0.02681666998,22,1,13,R134aDet,0
21.55059764,20.63617512,-20.85669087,-2960.390655,20.74935046,-20.92886675,-2969.150145,0.005985876826,22,1,13,R134aDet,0
21.57982021,20.74935046,-20.92886675,-2969.150145,21.17528642,-21.20034413,-3002.136933,0.02057650205,22,1,13,R134aDet,0
21.68986757,21.17528642,-21.20034413,-3002.136933,21.28311894,-21.2692676,-3010.500156,0.007323495278,22,1,13,R134aDet,0
21.71776815,21.28311894,-21.2692676,-3010.500156,21.65354496,-21.50691246,-3039.212194,0.02312141281,22,1,13,R134aDet,0
21.81355452,21.65354496,-21.50691246,-3039.212194,21.70252659,-21.53834777,-3043.009998,0.00303486938,22,1,13,R134aDet,0
21.82622439,21.70252659,-21.53834777,-3043.009998,21.98832277,-21.72188213,-3065.184614,0.01346516062,22,1,13,R134aDet,0
21.90020122,21.98832277,-21.72188213,-3065.184614,23.26167509,-22.53968269,-3163.994231,0.05997770571,22,1,13,R134aDet,0
22.2298404,23.26167509,-22.53968269,-3163.994231,23.72531412,-22.83838693,-3200,0.02094856449,22,1,13,R134aDet,0
22.68356987,25.0128448,-23.66930946,-3300,26.08244177,-24.36088921,-3383.1043,0.05006245853,22,1,13,R134aDet,1
22.96081453,26.08244177,-24.36088921,-3383.1043,26.57384333,-24.67906658,-3421.30254,0.02633455284,22,1,13,R134aDet,1
23.08824786,26.57384333,-24.67906658,-3421.30254,27.52027128,-25.2908605,-3494.783116,0.04760309759,22,1,13,R134aDet,1
23.3333868,27.52027128,-25.2908605,-3494.783116,28.77085994,-26.09874501,-3591.944448,0.05845806996,22,1,13,R134aDet,1
23.65752717,28.77085994,-26.09874501,-3591.944448,28.84072092,-26.14407688,-3597.377143,0.002361209183,22,1,13,R134aDet,1
23.67565121,28.84072092,-26.14407688,-3597.377143,29.46368093,-26.54859243,-3645.786936,0.03179396385,22,1,13,R134aDet,1
23.83715139,29.46368093,-26.54859243,-3645.786936,30.16065425,-27.00213001,-3700,0.03768650765,22,1,13,R134aDet,1
23.83715139,29.46368093,-26.54859243,-3645.786936,29.43663413,-26.52810602,-3645.789242,0.002826701829,22,164,11,R134aDet,1
23.67565121,28.84072092,-26.14407688,-3597.377143,28.82129666,-26.13389119,-3597.378493,0.002185663819,22,163,11,R134aDet,1
23.65752717,28.77085994,-26.09874501,-3591.944448,28.78044231,-26.09261926,-3591.944806,0.001462201884,22,162,11,R134aDet,1
23.3333868,27.52027128,-25.2908605,-3494.783116,27.51052147,-25.27978662,-3494.783939,0.001718215073,22,161,11,R134aDet,1
23.08824786,26.57384333,-24.67906658,-3421.30254,26.51724797,-24.58633427,-3421.312027,0.005508558852,22,160,11,R134aDet,1
22.96081453,26.08244177,-24.36088921,-3383.1043,26.15412982,-24.28787391,-3383.111369,0.00532219526,22,159,11,R134aDet,1
22.2298404,23.26167509,-22.53968269,-3163.994231,23.25039642,-22.5310965,-3163.995022,0.001676350307,22,158,11,R134aDet,0
21.90020122,21.98832277,-21.72188213,-3065.184614,21.97569202,-21.72137636,-3065.185275,0.001561743688,22,157,11,R134aDet,0
21.82622439,21.70252659,-21.53834777,-3043.009998,21.72309303,-21.53286836,-3043.010753,0.00214521974,22,156,11,R134aDet,0
21.81355452,21.65354496,-21.50691246,-3039.212194,21.76902973,-21.5601759,-3039.220008,0.006011338632,22,155,11,R134aDet,0
21.71776815,21.28311894,-21.2692676,-3010.500156,21.25102606,-21.25353496,-3010.502611,0.002914268599,22,154,11,R134aDet,0
21.68986757,21.17528642,-21.20034413,-3002.136933,21.26290798,-21.19680355,-3002.141887,0.004878142397,22,153,11,R134aDet,0
21.57982021,20.74935046,-20.92886675,-2969.150145,20.75911588,-20.93984062,-2969.15053,0.001712308828,22,152,11,R134aDet,0
21.55059764,20.63617512,-20.85669087,-2960.390655,20.64580214,-20.86562748,-2960.390976,0.001598162996,22,151,11,R134aDet,0
21.39390333,20.02564312,-20.4705476,-2913.421454,20.02206774,-20.44424248,-2913.423016,0.002446925606,22,150,11,R134aDet,0
21.39274757,20.02113963,-20.46770116,-2913.075014,20.03187024,-20.51318578,-2913.077197,0.003405664288,22,149,11,R134aDet,0
21.37568911,19.95465661,-20.42567619,-2907.961732,19.93920357,-20.39190619,-2907.964218,0.002980180016,22,148,11,R134aDet,0
21.26005072,19.50408959,-20.14102368,-2873.29906,19.47110698,-20.14331617,-2873.301197,0.002783767067,22,147,11,R134aDet,0
21.18108905,19.19623933,-19.94661749,-2849.63026,19.25055292,-19.95427747,-2849.632805,0.003736340413,22,146,11,R134aDet,0
21.07597471,18.78631608,-19.68757657,-2818.122186,18.77045462,-19.69508687,-2818.12309,0.001910520006,22,145,11,R134aDet,0
21.17027403,-70.99066179,250.7383446,-2800,-75.66292943,274.0816539,-2869.200735,0.03579948754,22,225,-11,R134aDet,0
21.41441669,-75.66292943,274.0816539,-2869.200735,-77.01972899,281.6685879,-2891.51396,0.01095081425,22,225,-11,R134aDet,0
21.4931762,-77.01972899,281.6685879,-2891.51396,-77.09653071,282.1027831,-2892.783131,0.001708663531,22,225,-11,R134aDet,0
21.49765891,-77.09653071,282.1027831,-2892.783131,-82.63371362,314.5821281,-2983.844471,0.05000934839,22,225,-11,R134aDet,0
21.82071937,-82.63371362,314.5821281,-2983.844471,-82.79349825,315.3269491,-2985.999317,0.0009472631283,22,225,-11,R134aDet,0
21.82834475,-82.79349825,315.3269491,-2985.999317,-83.00057417,316.3091672,-2988.877946,0.001087471744,22,225,-11,R134aDet,0
21.83851612,-83.00057417,316.3091672,-2988.877946,-85.73626142,330.4349743,-3029.676643,0.02933173634,22,225,-11,R134aDet,0
21.98284693,-85.73626142,330.4349743,-3029.676643,-86.57514394,334.5538106,-3041.812118,0.004994174217,22,225,-11,R134aDet,0
22.02569502,-86.57514394,334.5538106,-3041.812118,-91.13304286,366.2486924,-3137.110844,0.05929863814,22,225,-11,R134aDet,0
22.36110137,-91.13304286,366.2486924,-3137.110844,-94.24853855,387.6714532,-3200,0.03774260456,22,225,-11,R134aDet,0
22.93935733,-100.1062537,424.6907734,-3300,-101.8633542,439.5849324,-3341.46317,0.03105079029,22,225,-11,R134aDet,1
23.08647048,-101.8633542,439.5849324,-3341.46317,-105.8036053,476.1501006,-3438.990803,0.06851239931,22,225,-11,R134aDet,1
23.43420961,-105.8036053,476.1501006,-3438.990803,-107.6953695,492.4950821,-3478.479858,0.02504279339,22,225,-11,R134aDet,1
23.57694519,-107.6953695,492.4950821,-3478.479858,-110.0588217,513.5827404,-3531.572343,0.03372228277,22,225,-11,R134aDet,1
23.76770952,-110.0588217,513.5827404,-3531.572343,-116.5554634,554.0860644,-3629.357434,0.06771155529,22,225,-11,R134aDet,1
24.12148531,-116.5554634,554.0860644,-3629.357434,-120.9800055,581.8854731,-3700,0.04508991957,22,225,-11,R134aDet,1
24.12148531,-116.5554634,554.0860644,-3629.357434,-116.6078049,554.2118784,-3629.316422,0.006395412922,22,247,11,R134aDet,1
23.76770952,-110.0588217,513.5827404,-3531.572343,-110.1526726,513.5695131,-3531.580216,0.005101092493,22,246,11,R134aDet,1
23.57694519,-107.6953695,492.4950821,-3478.479858,-107.7234863,492.4954675,-3478.479646,0.002528573539,22,245,11,R134aDet,1
23.43420961,-105.8036053,476.1501006,-3438.990803,-105.8407186,476.1318857,-3438.998557,0.003201048217,22,244,11,R134aDet,1
23.08647048,-101.8633542,439.5849324,-3341.46317,-101.8702522,439.568514,-3341.469619,0.001999296153,22,243,11,R134aDet,1
22.36110137,-91.13304286,366.2486924,-3137.110844,-91.11194979,366.2512583,-3137.112019,0.002144245106,22,241,11,R134aDet,0
21.98284693,-85.73626142,330.4349743,-3029.676643,-85.75240785,330.444986,-3029.672954,0.00202548254,22,239,11,R134aDet,0
21.83851612,-83.00057417,316.3091672,-2988.877946,-82.93618644,316.4160929,-2988.856494,0.005990929457,22,238,11,R134aDet,0
21.82834475,-82.79349825,315.3269491,-2985.999317,-82.78898405,315.3452699,-2985.994266,0.002036807628,22,237,11,R134aDet,0
21.82071937,-82.63371362,314.5821281,-2983.844471,-82.62470441,314.5533954,-2983.856811,0.002754652682,22,236,11,R134aDet,0
21.49765891,-77.09653071,282.1027831,-2892.783131,-77.10708886,282.1039848,-2892.782514,0.001403143194,22,235,11,R134aDet,0
21.4931762,-77.01972899,281.6685879,-2891.51396,-77.06860715,281.6671439,-2891.514459,0.003494336865,22,234,11,R134aDet,0
21.41441669,-75.66292943,274.0816539,-2869.200735,-75.72679319,274.1141633,-2869.190736,0.004373150986,22,233,11,R134aDet,0
21.26166258,-320.3677729,117.6116449,-2800,-335.7892365,123.7410907,-2839.270403,0.02374314376,22,224,11,R134aDet,0
21.40387986,-335.7892365,123.7410907,-2839.270403,-336.4284425,123.9950775,-2840.881517,0.001420385465,22,224,11,R134aDet,0
21.4097237,-336.4284425,123.9950775,-2840.881517,-352.5080892,130.6045755,-2882.134538,0.02930021488,22,224,11,R134aDet,0
21.55905907,-352.5080892,130.6045755,-2882.134538,-353.821456,131.1310149,-2885.450172,0.001564835282,22,224,11,R134aDet,0
21.5710848,-353.821456,131.1310149,-2885.450172,-359.4864182,133.4751661,-2899.678499,0.006957680913,22,224,11,R134aDet,0
21.62276779,-359.4864182,133.4751661,-2899.678499,-378.6670537,141.5430232,-2947.142168,0.03621321496,22,224,11,R134aDet,0
21.79564705,-378.6670537,141.5430232,-2947.142168,-380.5374425,142.2912037,-2951.715403,0.001735179198,22,224,11,R134aDet,0
21.81231748,-380.5374425,142.2912037,-2951.715403,-381.7970859,142.7887676,-2954.779385,0.003823867889,22,224,11,R134aDet,0
21.82349267,-381.7970859,142.7887676,-2954.779385,-390.2104162,146.0496296,-2975.435126,0.01746190605,22,224,11,R134aDet,0
21.89868555,-390.2104162,146.0496296,-2975.435126,-413.6416017,154.7073812,-3032.341798,0.03664337953,22,224,11,R134aDet,0
22.10600076,-413.6416017,154.7073812,-3032.341798,-419.7653566,156.9392838,-3047.162165,0.0121185237,22,224,11,R134aDet,0
22.16000991,-419.7653566,156.9392838,-3047.162165,-431.1590222,161.0112101,-3074.398873,0.01727178598,22,224,11,R134aDet,0
22.25943012,-431.1590222,161.0112101,-3074.398873,-458.7781318,170.8428817,-3139.453776,0.04635650476,22,224,11,R134aDet,0
22.4974603,-458.7781318,170.8428817,-3139.453776,-463.3438844,172.4701883,-3150.325251,0.005539207439,22,224,11,R134aDet,0
22.53716785,-463.3438844,172.4701883,-3150.325251,-484.0490768,179.9721875,-3200,0.03107283767,22,224,11,R134aDet,0
23.08477945,-526.6280484,195.6937374,-3300,-530.9362676,197.2887558,-3310.022712,0.01034900181,22,224,11,R134aDet,1
23.1215592,-530.9362676,197.2887558,-3310.022712,-546.0446256,202.7769453,-3344.642881,0.02239742886,22,224,11,R134aDet,1
23.2488891,-546.0446256,202.7769453,-3344.642881,-557.1021205,206.6919027,-3370.310787,0.01976746006,22,224,11,R134aDet,1
23.34303188,-557.1021205,206.6919027,-3370.310787,-558.5840273,207.2630373,-3373.914667,0.002248162434,22,224,11,R134aDet,1
23.35616972,-558.5840273,207.2630373,-3373.914667,-602.628768,224.5250276,-3478.713291,0.0722055049,22,224,11,R134aDet,1
23.73972138,-602.628768,224.5250276,-3478.713291,-620.3790002,231.3485558,-3521.449481,0.02799902544,22,224,11,R134aDet,1
23.8957605,-620.3790002,231.3485558,-3521.449481,-648.23028,241.441092,-3585.016423,0.04435542118,22,224,11,R134aDet,1
24.12970487,-648.23028,241.441092,-3585.016423,-699.6884017,260.4566718,-3700,0.08345997287,22,224,11,R134aDet,1
24.12970487,-648.23028,241.441092,-3585.016423,-648.2162855,241.4324538,-3585.025006,0.001974314316,22,280,11,R134aDet,1
23.8957605,-620.3790002,231.3485558,-3521.449481,-620.3715649,231.3604038,-3521.451436,0.001671010704,22,279,11,R134aDet,1
23.73972138,-602.628768,224.5250276,-3478.713291,-602.6319332,224.5150154,-3478.714023,0.001393496935,22,278,11,R134aDet,1
23.35616972,-558.5840273,207.2630373,-3373.914667,-558.6069219,207.3225459,-3373.900361,0.004127482341,22,277,11,R134aDet,1
23.34303188,-557.1021205,206.6919027,-3370.310787,-557.0988842,206.7098183,-3370.31011,0.001952819517,22,276,11,R134aDet,1
23.2488891,-546.0446256,202.7769453,-3344.642881,-546.0470302,202.7894233,-3344.640473,0.001582666671,22,275,11,R134aDet,1
23.1215592,-530.9362676,197.2887558,-3310.022712,-530.9387986,197.2779001,-3310.023823,0.001448129798,22,274,11,R134aDet,1
22.53716785,-463.3438844,172.4701883,-3150.325251,-463.3975975,172.4224335,-3150.315194,0.004380542207,22,272,11,R134aDet,0
22.4974603,-458.7781318,170.8428817,-3139.453776,-458.784227,170.825945,-3139.454624,0.001939905727,22,271,11,R134aDet,0
22.25943012,-431.1590222,161.0112101,-3074.398873,-431.1659423,161.0181436,-3074.395354,0.001383894479,22,270,11,R134aDet,0
22.16000991,-419.7653566,156.9392838,-3047.162165,-419.8141631,156.8835949,-3047.155632,0.00444046643,22,269,11,R134aDet,0
22.10600076,-413.6416017,154.7073812,-3032.341798,-413.688191,154.793367,-3032.317622,0.005268699956,22,268,11,R134aDet,0
21.89868555,-390.2104162,146.0496296,-2975.435126,-390.2160403,146.066264,-2975.431041,0.001940458046,22,267,11,R134aDet,0
21.82349267,-381.7970859,142.7887676,-2954.779385,-381.8132664,142.8063644,-2954.771214,0.002374055828,22,266,11,R134aDet,0
21.81231748,-380.5374425,142.2912037,-2951.715403,-380.499367,142.2996008,-2951.732202,0.003218426841,22,265,11,R134aDet,0
21.79564705,-378.6670537,141.5430232,-2947.142168,-378.5536242,141.6918496,-2947.181492,0.00754137078,22,264,11,R134aDet,0
21.62276779,-359.4864182,133.4751661,-2899.678499,-359.484098,133.5012398,-2899.676547,0.0024282676,22,263,11,R134aDet,0
21.5710848,-353.821456,131.1310149,-2885.450172,-353.3955644,130.5451229,-2885.82747,0.01055955847,22,262,11,R134aDet,0
21.5819173,-353.3955644,130.5451229,-2885.82747,-353.374082,130.645788,-2885.728429,0.006408937387,22,262,11,R134aDet,0
21.55905907,-352.5080892,130.6045755,-2882.134538,-352.4181844,130.6955035,-2882.166458,0.006126296864,22,261,11,R134aDet,0
21.4097237,-336.4284425,123.9950775,-2840.881517,-336.5021728,123.6457014,-2840.948334,0.01074619942,22,260,11,R134aDet,0
21.40387986,-335.7892365,123.7410907,-2839.270403,-335.8015695,123.7360026,-2839.266904,0.001646741481,22,259,11,R134aDet,0
22.42438902,-654.2535154,634.8038635,-2800,-695.356643,674.6024653,-2848.095134,0.04238296269,22,321,11,R134aDet,0
22.67373611,-695.356643,674.6024653,-2848.095134,-762.4620969,737.9673162,-2922.577084,0.06564366728,22,321,11,R134aDet,0
23.06937592,-762.4620969,737.9673162,-2922.577084,-770.5408804,745.6451817,-2931.456768,0.008923464734,22,321,11,R134aDet,0
23.11691738,-770.5408804,745.6451817,-2931.456768,-788.4647347,762.2403986,-2951.111381,0.01414611485,22,321,11,R134aDet,0
23.2215143,-788.4647347,762.2403986,-2951.111381,-801.2064297,774.1220778,-2965.160356,0.01389350129,22,321,11,R134aDet,0
23.29618103,-801.2064297,774.1220778,-2965.160356,-830.3395037,801.2410563,-2997.703935,0.02642726777,22,321,11,R134aDet,0
23.46769987,-830.3395037,801.2410563,-2997.703935,-855.7604592,824.8485777,-3025.194445,0.0226711761,22,321,11,R134aDet,0
23.61536962,-855.7604592,824.8485777,-3025.194445,-857.0461005,826.0431125,-3026.581511,0.0004127759122,22,321,11,R134aDet,0
23.62283251,-857.0461005,826.0431125,-3026.581511,-883.3648661,849.9022903,-3054.431108,0.02766358928,22,321,11,R134aDet,0
23.7734229,-883.3648661,849.9022903,-3054.431108,-888.8576381,854.9176669,-3060.255293,0.009153932212,22,321,11,R134aDet,0
23.80494035,-888.8576381,854.9176669,-3060.255293,-906.1836767,870.5769489,-3078.336583,0.01456917853,22,321,11,R134aDet,0
23.90347585,-906.1836767,870.5769489,-3078.336583,-906.4143764,870.7877607,-3078.576421,0.001128692069,22,321,11,R134aDet,0
23.90479013,-906.4143764,870.7877607,-3078.576421,-928.5365233,890.5591268,-3101.165925,0.02141184697,22,321,11,R134aDet,0
24.02919747,-928.5365233,890.5591268,-3101.165925,-930.2355053,892.0990078,-3102.899755,0.001496127815,22,321,11,R134aDet,0
24.03878825,-930.2355053,892.0990078,-3102.899755,-934.3490964,895.8583273,-3107.1338,0.004468473006,22,321,11,R134aDet,0
24.06213754,-934.3490964,895.8583273,-3107.1338,-962.9251424,922.4047433,-3136.909233,0.02858124963,22,321,11,R134aDet,0
24.22584217,-962.9251424,922.4047433,-3136.909233,-1004.349566,963.4128231,-3180.890848,0.04276178923,22,321,11,R134aDet,0
24.46944445,-1004.349566,963.4128231,-3180.890848,-1015.524038,974.5473676,-3192.727424,0.01396782557,22,321,11,R134aDet,0
24.53524088,-1015.524038,974.5473676,-3192.727424,-1022.201209,981.279321,-3200,0.00834608209,22,321,11,R134aDet,0
25.12300462,-1114.444359,1073.263885,-3300,-1139.568434,1098.959421,-3327.220514,0.02522247078,22,321,11,R134aDet,1
25.27340686,-1139.568434,1098.959421,-3327.220514,-1150.070274,1109.834103,-3338.655812,0.01104895505,22,321,11,R134aDet,1
25.33664692,-1150.070274,1109.834103,-3338.655812,-1165.262703,1125.859366,-3355.236475,0.01780839256,22,321,11,R134aDet,1
25.42877308,-1165.262703,1125.859366,-3355.236475,-1247.433854,1219.166304,-3446.312301,0.09641529329,22,321,11,R134aDet,1
25.94289522,-1247.433854,1219.166304,-3446.312301,-1251.657734,1223.922337,-3450.885152,0.004835652809,22,321,11,R134aDet,1
25.9690316,-1251.657734,1223.922337,-3450.885152,-1254.778126,1227.461018,-3454.302571,0.002961403828,22,321,11,R134aDet,1
25.98846745,-1254.778126,1227.461018,-3454.302571,-1276.025292,1251.762325,-3478.075651,0.02569966,22,321,11,R134aDet,1
26.12221244,-1276.025292,1251.762325,-3478.075651,-1280.806692,1257.261249,-3483.46121,0.005961841131,22,321,11,R134aDet,1
26.15244277,-1280.806692,1257.261249,-3483.46121,-1283.583577,1260.466599,-3486.60199,0.002668820303,22,321,11,R134aDet,1
26.17004928,-1283.583577,1260.466599,-3486.60199,-1287.396225,1264.838869,-3490.850021,0.008069185757,22,321,11,R134aDet,1
26.19403769,-1287.396225,1264.838869,-3490.850021,-1312.289772,1293.113979,-3518.978118,0.02503745463,22,321,11,R134aDet,1
26.35088532,-1312.289772,1293.113979,-3518.978118,-1327.899142,1309.506372,-3536.14466,0.01526286323,22,321,11,R134aDet,1
26.44566267,-1327.899142,1309.506372,-3536.14466,-1406.725789,1390.030882,-3620.200408,0.0799637776,22,321,11,R134aDet,1
26.91462776,-1406.725789,1390.030882,-3620.200408,-1481.609417,1466.137776,-3700,0.08400838929,22,321,11,R134aDet,1
26.91462776,-1406.725789,1390.030882,-3620.200408,-1406.733459,1390.082422,-3620.151652,0.004338989396,22,409,11,R134aDet,1
26.44566267,-1327.899142,1309.506372,-3536.14466,-1327.981884,1309.481373,-3536.104267,0.00511025701,22,408,11,R134aDet,1
26.35088532,-1312.289772,1293.113979,-3518.978118,-1312.278929,1293.116306,-3518.986647,0.001661208589,22,407,11,R134aDet,1
26.19403769,-1287.396225,1264.838869,-3490.850021,-1287.354852,1264.840322,-3490.891791,0.003886486534,22,406,11,R134aDet,1
26.17004928,-1283.583577,1260.466599,-3486.60199,-1283.578338,1260.477721,-3486.596218,0.001631138261,22,405,11,R134aDet,1
26.15244277,-1280.806692,1257.261249,-3483.46121,-1281.28964,1257.616165,-3482.857553,0.01027789662,22,404,11,R134aDet,1
26.1635915,-1281.28964,1257.616165,-3482.857553,-1281.426388,1257.51231,-3482.84072,0.007122206586,22,404,11,R134aDet,1
26.12221244,-1276.025292,1251.762325,-3478.075651,-1276.037327,1251.762603,-3478.065778,0.001774217187,22,403,11,R134aDet,1
25.98846745,-1254.778126,1227.461018,-3454.302571,-1254.81127,1227.440719,-3454.297082,0.003074260837,22,402,11,R134aDet,1
25.9690316,-1251.657734,1223.922337,-3450.885152,-1251.661086,1223.937421,-3450.868292,0.002238237915,22,401,11,R134aDet,1
25.94289522,-1247.433854,1219.166304,-3446.312301,-1247.416032,1219.177886,-3446.318553,0.002196367264,22,400,11,R134aDet,1
25.42877308,-1165.262703,1125.859366,-3355.236475,-1165.615622,1125.559034,-3355.297991,0.0103496245,22,399,11,R134aDet,1
25.43599523,-1165.615622,1125.559034,-3355.297991,-1165.619104,1125.55854,-3355.279458,0.001994421603,22,399,11,R134aDet,1
25.33664692,-1150.070274,1109.834103,-3338.655812,-1150.08572,1109.824491,-3338.652147,0.001974802388,22,398,11,R134aDet,1
25.27340686,-1139.568434,1098.959421,-3327.220514,-1139.577062,1098.952152,-3327.220291,0.001454729553,22,397,11,R134aDet,1
24.53524088,-1015.524038,974.5473676,-3192.727424,-1015.556202,974.5240375,-3192.723036,0.003107302608,22,392,11,R134aDet,0
24.46944445,-1004.349566,963.4128231,-3180.890848,-1004.360423,963.3898306,-3180.90459,0.002569646466,22,391,11,R134aDet,0
24.22584217,-962.9251424,922.4047433,-3136.909233,-962.9208531,922.3990233,-3136.919259,0.001535401292,22,390,11,R134aDet,0
24.06213754,-934.3490964,895.8583273,-3107.1338,-934.3495783,895.8777175,-3107.118134,0.002355671272,22,389,11,R134aDet,0
24.03878825,-930.2355053,892.0990078,-3102.899755,-930.2439579,892.0939886,-3102.89656,0.001377956845,22,388,11,R134aDet,0
24.02919747,-928.5365233,890.5591268,-3101.165925,-928.553727,890.5459821,-3101.162344,0.002183906235,22,387,11,R134aDet,0
23.90479013,-906.4143764,870.7877607,-3078.576421,-906.4054292,870.7888267,-3078.584901,0.001539930498,22,386,11,R134aDet,0
23.90347585,-906.1836767,870.5769489,-3078.336583,-906.2345432,870.5026137,-3078.363603,0.005068886772,22,385,11,R134aDet,0
23.80494035,-888.8576381,854.9176669,-3060.255293,-888.8326011,854.9266278,-3060.27389,0.002750059656,22,384,11,R134aDet,0
23.7734229,-883.3648661,849.9022903,-3054.431108,-882.4156327,851.392698,-3054.521681,0.004298037436,22,383,11,R134aDet,0
23.79158079,-882.4156327,851.392698,-3054.521681,-882.3819785,851.462808,-3054.967378,0.001890913058,22,383,11,R134aDet,0
23.79657682,-882.3819785,851.462808,-3054.967378,-883.1825444,851.3229406,-3055.743665,0.01119814627,22,383,11,R134aDet,0
23.81008433,-883.1825444,851.3229406,-3055.743665,-882.9879619,851.2132474,-3055.946028,0.009697375085,22,383,11,R134aDet,0
23.79657682,-882.3819785,851.462808,-3054.967378,-882.3837491,851.4857443,-3054.969907,0.002254078658,22,417,11,R134aDet,0
23.62283251,-857.0461005,826.0431125,-3026.581511,-857.029738,826.0640499,-3026.580775,0.002446377062,22,382,11,R134aDet,0
23.61536962,-855.7604592,824.8485777,-3025.194445,-855.7745537,824.8224752,-3025.206531,0.002729261749,22,381,11,R134aDet,0
23.46769987,-830.3395037,801.2410563,-2997.703935,-830.3228813,801.2448208,-2997.717366,0.002169309348,22,380,11,R134aDet,0
23.29618103,-801.2064297,774.1220778,-2965.160356,-801.2320703,774.1230308,-2965.138935,0.002798190699,22,379,11,R134aDet,0
23.2215143,-788.4647347,762.2403986,-2951.111381,-788.3946008,762.3089775,-2951.129449,0.0007916944437,22,378,11,R134aDet,0
23.22359776,-788.3946008,762.3089775,-2951.129449,-788.3293413,762.3265419,-2951.140099,0.004236551913,22,378,11,R134aDet,0
23.22359776,-788.3946008,762.3089775,-2951.129449,-788.3974884,762.3121746,-2951.14209,0.001614263999,22,418,11,R134aDet,0
23.11691738,-770.5408804,745.6451817,-2931.456768,-770.5087539,745.6789049,-2931.46164,0.003407627227,22,377,11,R134aDet,0
23.06937592,-762.4620969,737.9673162,-2922.577084,-762.4091525,737.9576181,-2922.642525,0.002460946238,22,376,11,R134aDet,0
23.0713927,-762.4091525,737.9576181,-2922.642525,-762.3866606,737.9465114,-2922.625863,0.002632236237,22,376,11,R134aDet,0
22.67373611,-695.356643,674.6024653,-2848.095134,-695.3566057,674.5946129,-2848.102423,0.001408800213,22,375,11,R134aDet,0
21.06087544,-58.17641724,-146.6783107,-2800,-64.54081646,-159.1034796,-2873.599376,0.04112981645,22,439,11,R134aDet,0
21.31075597,-64.54081646,-159.1034796,-2873.599376,-66.34918326,-162.6613443,-2894.245839,0.008922047349,22,439,11,R134aDet,0
21.38090066,-66.34918326,-162.6613443,-2894.245839,-76.1480066,-181.932605,-3005.465137,0.06624031248,22,439,11,R134aDet,0
21.75883549,-76.1480066,-181.932605,-3005.465137,-78.33714662,-186.0761147,-3029.846386,0.01136487838,22,439,11,R134aDet,0
21.84165192,-78.33714662,-186.0761147,-3029.846386,-84.08984167,-196.7507415,-3092.905457,0.03869938239,22,439,11,R134aDet,0
22.05584986,-84.08984167,-196.7507415,-3092.905457,-86.7235392,-201.6208015,-3121.612209,0.02592717856,22,439,11,R134aDet,0
22.15337078,-86.7235392,-201.6208015,-3121.612209,-89.04877769,-205.890653,-3146.839161,0.01980897591,22,439,11,R134aDet,0
22.2390681,-89.04877769,-205.890653,-3146.839161,-89.19707562,-206.1591385,-3148.432451,0.0004549561285,22,439,11,R134aDet,0
22.24448037,-89.19707562,-206.1591385,-3148.432451,-91.11814874,-209.6701859,-3169.169376,0.01037838445,22,439,11,R134aDet,0
22.31492841,-91.11814874,-209.6701859,-3169.169376,-93.96914424,-214.9060944,-3200,0.02089029858,22,439,11,R134aDet,0
22.75953621,-103.3173722,-232.0410547,-3300,-110.552153,-245.4327248,-3377.192296,0.05701820077,22,439,11,R134aDet,1
23.02198214,-110.552153,-245.4327248,-3377.192296,-111.0315422,-246.3409191,-3382.414304,0.002355632788,22,439,11,R134aDet,1
23.03973467,-111.0315422,-246.3409191,-3382.414304,-111.2645979,-246.7843086,-3384.962643,0.002200814697,22,439,11,R134aDet,1
23.04839774,-111.2645979,-246.7843086,-3384.962643,-115.0735456,-254.1152534,-3427.346433,0.02493666365,22,439,11,R134aDet,1
23.19243673,-115.0735456,-254.1152534,-3427.346433,-117.649167,-259.0609171,-3455.324323,0.01562417731,22,439,11,R134aDet,1
23.28759722,-117.649167,-259.0609171,-3455.324323,-117.8840693,-259.5057891,-3457.843219,0.00288063191,22,439,11,R134aDet,1
23.29616536,-117.8840693,-259.5057891,-3457.843219,-119.6431673,-262.8138097,-3476.634178,0.01058984592,22,439,11,R134aDet,1
23.36007957,-119.6431673,-262.8138097,-3476.634178,-119.8828596,-263.2627692,-3479.170016,0.002053056197,22,439,11,R134aDet,1
23.36870696,-119.8828596,-263.2627692,-3479.170016,-136.978892,-296.3397883,-3662.527787,0.1082929164,22,439,11,R134aDet,1
23.99281088,-136.978892,-296.3397883,-3662.527787,-138.5527472,-299.4832321,-3679.747015,0.01040058917,22,439,11,R134aDet,1
24.05143331,-138.5527472,-299.4832321,-3679.747015,-139.2558779,-300.8948439,-3687.453596,0.005974043939,22,439,11,R134aDet,1
24.07767264,-139.2558779,-300.8948439,-3687.453596,-140.398108,-303.1925279,-3700,0.007020720769,22,439,11,R134aDet,1
24.07767264,-139.2558779,-300.8948439,-3687.453596,-139.2791392,-300.8865101,-3687.454207,0.002343607269,22,482,11,R134aDet,1
24.05143331,-138.5527472,-299.4832321,-3679.747015,-138.5369372,-299.2503221,-3679.813792,0.008608140119,22,481,11,R134aDet,1
23.99281088,-136.978892,-296.3397883,-3662.527787,-136.8867857,-296.2687448,-3662.558377,0.005819997885,22,480,11,R134aDet,1
23.36870696,-119.8828596,-263.2627692,-3479.170016,-119.9342479,-263.3486393,-3479.157323,0.00527262228,22,479,11,R134aDet,1
23.36007957,-119.6431673,-262.8138097,-3476.634178,-119.5883869,-262.8257773,-3476.641611,0.0004982163654,22,478,11,R134aDet,1
23.36132434,-119.5883869,-262.8257773,-3476.641611,-119.5606018,-262.820654,-3476.694426,0.003927441524,22,478,11,R134aDet,1
23.36132434,-119.5883869,-262.8257773,-3476.641611,-119.5850209,-262.8377707,-3476.641038,0.001547357666,22,483,11,R134aDet,1
23.29616536,-117.8840693,-259.5057891,-3457.843219,-117.8837283,-259.5227168,-3457.84101,0.001877346313,22,477,11,R134aDet,1
23.28759722,-117.649167,-259.0609171,-3455.324323,-117.6382137,-259.133092,-3455.317469,0.004406091959,22,476,11,R134aDet,1
23.19243673,-115.0735456,-254.1152534,-3427.346433,-115.2504366,-254.0801368,-3427.352141,0.007301934194,22,475,11,R134aDet,1
23.04839774,-111.2645979,-246.7843086,-3384.962643,-111.2746288,-246.7740222,-3384.964121,0.001694216329,22,474,11,R134aDet,1
23.03973467,-111.0315422,-246.3409191,-3382.414304,-111.0226077,-246.3472085,-3382.414443,0.001426067395,22,473,11,R134aDet,1
23.02198214,-110.552153,-245.4327248,-3377.192296,-110.5600795,-245.4452511,-3377.190021,0.001733894325,22,472,11,R134aDet,1
22.31492841,-91.11814874,-209.6701859,-3169.169376,-91.13547065,-209.6754643,-3169.167683,0.001950810147,22,470,11,R134aDet,0
22.24448037,-89.19707562,-206.1591385,-3148.432451,-89.27073142,-206.1252978,-3148.442753,0.0003294060562,22,469,11,R134aDet,0
22.24549356,-89.27073142,-206.1252978,-3148.442753,-89.9506008,-205.6076394,-3148.672963,0.009069785295,22,469,11,R134aDet,0
22.25695647,-89.9506008,-205.6076394,-3148.672963,-89.95510426,-205.6110676,-3148.555813,0.001028139171,22,469,11,R134aDet,0
22.25909559,-89.95510426,-205.6110676,-3148.555813,-89.88485076,-205.537962,-3148.648086,0.006263117495,22,469,11,R134aDet,0
22.25909559,-89.95510426,-205.6110676,-3148.555813,-89.9455102,-205.6169462,-3148.553217,0.001475570821,22,485,11,R134aDet,0
22.24549356,-89.27073142,-206.1252978,-3148.442753,-89.27745345,-206.1321483,-3148.4385,0.001391176623,22,484,11,R134aDet,0
22.2390681,-89.04877769,-205.890653,-3146.839161,-89.04123388,-205.897583,-3146.839077,0.00137033135,22,468,11,R134aDet,0
22.15337078,-86.7235392,-201.6208015,-3121.612209,-86.72726881,-201.6009313,-3121.61619,0.002103241869,22,467,11,R134aDet,0
22.05584986,-84.08984167,-196.7507415,-3092.905457,-84.07902711,-196.7568852,-3092.905896,0.001545485842,22,466,11,R134aDet,0
21.84165192,-78.33714662,-186.0761147,-3029.846386,-78.3291049,-186.0860205,-3029.84595,0.001569993678,22,465,11,R134aDet,0
21.75883549,-76.1480066,-181.932605,-3005.465137,-75.98061044,-182.0853246,-3005.474747,0.008289667022,22,464,11,R134aDet,0
21.38090066,-66.34918326,-162.6613443,-2894.245839,-66.35349758,-162.6783671,-2894.243297,0.001921811087,22,463,11,R134aDet,0
21.31075597,-64.54081646,-159.1034796,-2873.599376,-64.54879875,-159.0839173,-2873.60303,0.002153911938,22,462,11,R134aDet,0
22.86220325,1058.651908,-79.53132046,-2800,1115.482605,-64.77503815,-2861.229178,0.04543497207,22,488,-11,R134aDet,0
23.14882339,1115.482605,-64.77503815,-2861.229178,1115.848263,-64.72326542,-2861.598321,0.0001578621972,22,488,-11,R134aDet,0
23.1505964,1115.848263,-64.72326542,-2861.598321,1124.776686,-62.93276947,-2870.69691,0.004503013184,22,488,-11,R134aDet,0
23.1942782,1124.776686,-62.93276947,-2870.69691,1261.686796,-26.31305206,-2981.338632,0.08320890522,22,488,-11,R134aDet,0
23.79894554,1261.686796,-26.31305206,-2981.338632,1294.655983,-15.21358845,-3013.644609,0.02496944548,22,488,-11,R134aDet,0
23.95996233,1294.655983,-15.21358845,-3013.644609,1297.409307,-15.17006566,-3017.182796,0.001281984894,22,488,-11,R134aDet,0
23.97521377,1297.409307,-15.17006566,-3017.182796,1302.305597,-14.85676498,-3023.684258,0.002756751083,22,488,-11,R134aDet,0
24.00291585,1302.305597,-14.85676498,-3023.684258,1323.118013,-16.94246881,-3054.315228,0.02155540825,22,488,-11,R134aDet,0
24.12887181,1323.118013,-16.94246881,-3054.315228,1330.552929,-18.20181243,-3066.488584,0.0068790512,22,488,-11,R134aDet,0
24.17758393,1330.552929,-18.20181243,-3066.488584,1379.048184,-27.51731799,-3131.041384,0.04293056619,22,488,-11,R134aDet,0
24.45295764,1379.048184,-27.51731799,-3131.041384,1388.482413,-29.12933871,-3140.093424,0.005446554083,22,488,-11,R134aDet,0
24.49781281,1388.482413,-29.12933871,-3140.093424,1397.329551,-31.30002695,-3148.827571,0.006136704316,22,488,-11,R134aDet,0
24.54079126,1397.329551,-31.30002695,-3148.827571,1443.519758,-45.85152956,-3200,0.03525777688,22,488,-11,R134aDet,0
25.22438599,1526.238751,-53.31127787,-3300,1561.239559,-61.46791639,-3352.086848,0.02824168689,22,488,-11,R134aDet,1
25.43938543,1561.239559,-61.46791639,-3352.086848,1628.574778,-76.68259684,-3439.288814,0.05439120321,22,488,-11,R134aDet,1
25.81620811,1628.574778,-76.68259684,-3439.288814,1703.166253,-109.6773519,-3593.919891,0.07955374401,22,488,-11,R134aDet,1
26.40598838,1703.166253,-109.6773519,-3593.919891,1705.506228,-109.8993781,-3596.495753,0.001546933299,22,488,-11,R134aDet,1
26.41792908,1705.506228,-109.8993781,-3596.495753,1719.046681,-111.7771102,-3611.411956,0.01036458671,22,488,-11,R134aDet,1
26.48713093,1719.046681,-111.7771102,-3611.411956,1719.346128,-111.8166135,-3611.722895,0.0003944328036,22,488,-11,R134aDet,1
26.48861642,1719.346128,-111.8166135,-3611.722895,1733.454156,-114.7019987,-3625.496009,0.00932561822,22,488,-11,R134aDet,1
26.55679727,1733.454156,-114.7019987,-3625.496009,1738.132062,-115.9586924,-3630.833068,0.002757488179,22,488,-11,R134aDet,1
26.58149106,1738.132062,-115.9586924,-3630.833068,1776.003123,-133.3596054,-3676.87419,0.02755447386,22,488,-11,R134aDet,1
26.7933654,1776.003123,-133.3596054,-3676.87419,1778.118102,-134.2149021,-3679.507344,0.001456179172,22,488,-11,R134aDet,1
26.80531865,1778.118102,-134.2149021,-3679.507344,1794.821237,-140.8320035,-3700,0.0100251485,22,488,-11,R134aDet,1
26.80531865,1778.118102,-134.2149021,-3679.507344,1778.140234,-134.297211,-3679.469559,0.005044439104,22,536,11,R134aDet,1
26.7933654,1776.003123,-133.3596054,-3676.87419,1775.993388,-133.4027874,-3676.871641,0.003300929732,22,535,11,R134aDet,1
26.58149106,1738.132062,-115.9586924,-3630.833068,1738.259937,-115.7985607,-3630.779431,0.007982202034,22,534,11,R134aDet,1
26.55679727,1733.454156,-114.7019987,-3625.496009,1733.423054,-114.7049622,-3625.523182,0.00317178524,22,533,11,R134aDet,1
26.48861642,1719.346128,-111.8166135,-3611.722895,1719.337563,-111.8180479,-3611.731691,0.00153904582,22,532,11,R134aDet,1
26.48713093,1719.046681,-111.7771102,-3611.411956,1719.028233,-111.7386091,-3611.438381,0.003548166081,22,531,11,R134aDet,1
26.41792908,1705.506228,-109.8993781,-3596.495753,1705.560811,-109.976182,-3596.451972,0.005360821636,22,530,11,R134aDet,1
26.40598838,1703.166253,-109.6773519,-3593.919891,1703.116719,-109.6177749,-3593.978677,0.005165580142,22,529,11,R134aDet,1
25.81620811,1628.574778,-76.68259684,-3439.288814,1628.572188,-76.67301735,-3439.293698,0.001436749698,22,528,11,R134aDet,1
25.43938543,1561.239559,-61.46791639,-3352.086848,1561.17857,-61.80964486,-3352.130762,0.007310340725,22,527,11,R134aDet,1
25.44522072,1561.17857,-61.80964486,-3352.130762,1561.181532,-61.8227212,-3352.127332,0.001650180426,22,527,11,R134aDet,1
25.44522072,1561.17857,-61.80964486,-3352.130762,1561.190375,-61.80603656,-3352.127118,0.001577892684,22,539,11,R134aDet,1
24.54079126,1397.329551,-31.30002695,-3148.827571,1397.337072,-31.30193561,-3148.820666,0.001382036341,22,525,11,R134aDet,0
24.49781281,1388.482413,-29.12933871,-3140.093424,1388.505844,-29.11728587,-3140.074295,0.002755578356,22,524,11,R134aDet,0
24.45295764,1379.048184,-27.51731799,-3131.041384,1379.043804,-27.50931111,-3131.047602,0.001435375679,22,523,11,R134aDet,0
24.17758393,1330.552929,-18.20181243,-3066.488584,1330.557479,-18.21851172,-3066.484635,0.001922407482,22,522,11,R134aDet,0
24.12887181,1323.118013,-16.94246881,-3054.315228,1323.137166,-16.95713375,-3054.303304,0.002463966409,22,521,11,R134aDet,0
24.00291585,1302.305597,-14.85676498,-3023.684258,1302.299003,-14.59404426,-3023.718981,0.009035301307,22,520,11,R134aDet,0
23.97521377,1297.409307,-15.17006566,-3017.182796,1297.41957,-15.16881669,-3017.175527,0.001560209825,22,519,11,R134aDet,0
23.95996233,1294.655983,-15.21358845,-3013.644609,1294.655635,-15.34551613,-3013.659828,0.006152547374,22,518,11,R134aDet,0
23.79894554,1261.686796,-26.31305206,-2981.338632,1262.386592,-26.4053662,-2980.710723,0.01080024492,22,517,11,R134aDet,0
23.81094229,1262.386592,-26.4053662,-2980.710723,1262.441838,-26.25867699,-2980.581652,0.007797096657,22,517,11,R134aDet,0
23.1942782,1124.776686,-62.93276947,-2870.69691,1124.758467,-62.89070019,-2870.711019,0.003455418916,22,516,11,R134aDet,0
23.1505964,1115.848263,-64.72326542,-2861.598321,1115.857063,-64.72793105,-2861.590979,0.001539960449,22,515,11,R134aDet,0
23.14882339,1115.482605,-64.77503815,-2861.229178,1115.492498,-64.77208743,-2861.21955,0.001670531709,22,514,11,R134aDet,0
21.09027027,-113.4301228,57.31833356,-2800,-149.8344758,97.07419874,-2951.936252,0.07908191866,22,543,11,R134aDet,0
21.63103719,-149.8344758,97.07419874,-2951.936252,-154.8490716,103.4287234,-2975.557576,0.01271092967,22,543,11,R134aDet,0
21.71527322,-154.8490716,103.4287234,-2975.557576,-163.1240638,113.207035,-3006.268673,0.01732068537,22,543,11,R134aDet,0
21.82752452,-163.1240638,113.207035,-3006.268673,-168.920308,120.8440418,-3022.964781,0.01213763095,22,543,11,R134aDet,0
21.89256928,-168.920308,120.8440418,-3022.964781,-174.5837465,126.9819921,-3038.509816,0.008657484172,22,543,11,R134aDet,0
21.95219727,-174.5837465,126.9819921,-3038.509816,-215.6709622,153.5419271,-3102.061297,0.03791750335,22,543,11,R134aDet,0
22.22249683,-215.6709622,153.5419271,-3102.061297,-221.0064004,156.4730716,-3111.277753,0.005083421215,22,543,11,R134aDet,0
22.25984698,-221.0064004,156.4730716,-3111.277753,-224.4206889,158.306056,-3117.165235,0.001635382577,22,543,11,R134aDet,0
22.28368676,-224.4206889,158.306056,-3117.165235,-225.3549537,158.8525444,-3118.763728,0.0008088738758,22,543,11,R134aDet,0
22.2902182,-225.3549537,158.8525444,-3118.763728,-271.3366539,188.5575074,-3200,0.04763057409,22,543,11,R134aDet,0
23.048472,-335.9510907,229.9839215,-3300,-343.0075362,234.1732594,-3312.281269,0.005368892305,22,543,11,R134aDet,1
23.09845797,-343.0075362,234.1732594,-3312.281269,-356.2596493,241.2912536,-3339.818621,0.01501001305,22,543,11,R134aDet,1
23.20457229,-356.2596493,241.2912536,-3339.818621,-387.7848775,261.4510214,-3405.08842,0.03181571874,22,543,11,R134aDet,1
23.45850677,-387.7848775,261.4510214,-3405.08842,-388.3267303,261.8328702,-3406.195006,0.0004123158887,22,543,11,R134aDet,1
23.46287763,-388.3267303,261.8328702,-3406.195006,-388.4980963,261.9566255,-3406.537523,9.20430045e-07,22,543,11,R134aDet,1
23.46424153,-388.4980963,261.9566255,-3406.537523,-389.6354244,262.7618385,-3408.887531,0.002066665977,22,543,11,R134aDet,1
23.47349882,-389.6354244,262.7618385,-3408.887531,-435.4483467,284.6964934,-3506.918237,0.0538899638,22,543,11,R134aDet,1
23.84561995,-435.4483467,284.6964934,-3506.918237,-465.9006084,312.4518532,-3595.052629,0.04586571034,22,543,11,R134aDet,1
24.17388885,-465.9006084,312.4518532,-3595.052629,-477.7910026,312.9043995,-3628.755084,0.02447122052,22,543,11,R134aDet,1
24.29492928,-477.7910026,312.9043995,-3628.755084,-489.9102927,312.2056353,-3656.134103,0.01813144583,22,543,11,R134aDet,1
24.39641762,-489.9102927,312.2056353,-3656.134103,-501.1781555,310.7629962,-3679.539655,0.01180704406,22,543,11,R134aDet,1
24.48461862,-501.1781555,310.7629962,-3679.539655,-509.836975,310.535717,-3700,0.01234297759,22,543,11,R134aDet,1
24.48461862,-501.1781555,310.7629962,-3679.539655,-501.357454,310.5505547,-3679.485659,0.009370154053,22,586,11,R134aDet,1
24.39641762,-489.9102927,312.2056353,-3656.134103,-489.8929842,312.2058676,-3656.143069,0.002034355972,22,585,11,R134aDet,1
24.29492928,-477.7910026,312.9043995,-3628.755084,-477.7867769,312.8836606,-3628.75797,0.002149042729,22,584,11,R134aDet,1
24.17388885,-465.9006084,312.4518532,-3595.052629,-465.896954,312.4689227,-3595.053248,0.001903524163,22,583,11,R134aDet,1
23.84561995,-435.4483467,284.6964934,-3506.918237,-435.4433397,284.6889179,-3506.923215,0.001379498546,22,582,11,R134aDet,1
23.46424153,-388.4980963,261.9566255,-3406.537523,-388.4827166,261.9604569,-3406.544676,0.001898325771,22,581,11,R134aDet,1
23.46287763,-388.3267303,261.8328702,-3406.195006,-388.3255883,261.8190011,-3406.201251,0.001752023505,22,580,11,R134aDet,1
23.45850677,-387.7848775,261.4510214,-3405.08842,-387.781563,261.4614724,-3405.086865,0.001437851306,22,579,11,R134aDet,1
23.20457229,-356.2596493,241.2912536,-3339.818621,-356.2502234,241.2965845,-3339.822861,0.001482035093,22,578,11,R134aDet,1
23.09845797,-343.0075362,234.1732594,-3312.281269,-343.0675984,234.166182,-3312.256116,0.00413298407,22,577,11,R134aDet,1
22.2902182,-225.3549537,158.8525444,-3118.763728,-225.3909114,158.8087617,-3118.762896,0.003804418697,22,574,11,R134aDet,0
22.28368676,-224.4206889,158.306056,-3117.165235,-224.3540025,158.168184,-3117.270289,0.007420203715,22,573,11,R134aDet,0
22.25984698,-221.0064004,156.4730716,-3111.277753,-220.9964573,156.4802615,-3111.282186,0.001591159909,22,572,11,R134aDet,0
22.22249683,-215.6709622,153.5419271,-3102.061297,-215.6745343,153.5514692,-3102.056358,0.001457754626,22,571,11,R134aDet,0
21.95219727,-174.5837465,126.9819921,-3038.509816,-174.5595617,126.9933809,-3038.519266,0.002540850375,22,570,11,R134aDet,0
21.89256928,-168.920308,120.8440418,-3022.964781,-168.9309039,120.8530455,-3022.957821,0.0017728548,22,569,11,R134aDet,0
21.82752452,-163.1240638,113.207035,-3006.268673,-160.3670733,106.8261539,-3013.515822,0.01602553654,22,568,11,R134aDet,0
21.8881521,-160.3670733,106.8261539,-3013.515822,-160.2840122,100.482878,-3017.905656,0.01193570219,22,568,11,R134aDet,0
21.93791166,-160.2840122,100.482878,-3017.905656,-158.2584528,99.96135067,-3023.700004,0.01059096438,22,568,11,R134aDet,0
21.98009868,-158.2584528,99.96135067,-3023.700004,-161.3723882,98.77078419,-3027.313575,0.0086941576,22,568,11,R134aDet,0
22.01598253,-161.3723882,98.77078419,-3027.313575,-158.439444,96.55594147,-3028.8761,0.01083587764,22,568,11,R134aDet,0
22.04700705,-158.439444,96.55594147,-3028.8761,-159.4433802,97.04205983,-3026.963003,0.006356561084,22,568,11,R134aDet,0
22.06594108,-159.4433802,97.04205983,-3026.963003,-159.6432538,97.44929795,-3025.337903,0.004484130479,22,568,11,R134aDet,0
22.08190697,-159.6432538,97.44929795,-3025.337903,-160.2284053,97.51272304,-3024.325542,0.006505726998,22,568,11,R134aDet,0
22.09411279,-160.2284053,97.51272304,-3024.325542,-160.5879142,97.88635805,-3023.767403,0.01157357594,22,568,11,R134aDet,0
22.1044219,-160.5879142,97.88635805,-3023.767403,-160.5885254,97.96045151,-3023.732076,0.004695940388,22,568,11,R134aDet,0
22.09411279,-160.2284053,97.51272304,-3024.325542,-160.3273257,97.49045894,-3024.372944,0.005589665293,22,592,11,R134aDet,0
22.08190697,-159.6432538,97.44929795,-3025.337903,-159.6465445,97.42731089,-3025.338231,0.002201031045,22,591,11,R134aDet,0
22.06594108,-159.4433802,97.04205983,-3026.963003,-159.4579238,97.06593185,-3026.9705,0.002571638586,22,590,11,R134aDet,0
21.71527322,-154.8490716,103.4287234,-2975.557576,-155.0677771,101.8766351,-2976.162561,0.006779681421,22,567,11,R134aDet,0
21.73284059,-155.0677771,101.8766351,-2976.162561,-154.6721596,102.0441033,-2975.082567,0.009787274478,22,567,11,R134aDet,0
21.74665634,-154.6721596,102.0441033,-2975.082567,-154.5193834,102.3887667,-2975.262677,0.01160531574,22,567,11,R134aDet,0
21.63103719,-149.8344758,97.07419874,-2951.936252,-150.4939993,97.07009579,-2951.907211,0.001670670348,22,566,11,R134aDet,0
21.63728384,-150.4939993,97.07009579,-2951.907211,-152.2169738,96.81791358,-2952.595456,0.01025026589,22,566,11,R134aDet,0
21.65610988,-152.2169738,96.81791358,-2952.595456,-152.4713632,97.22715787,-2953.570494,0.008054856576,22,566,11,R134aDet,0
21.66932168,-152.4713632,97.22715787,-2953.570494,-152.4682261,97.65727114,-2953.758637,0.01237296594,22,566,11,R134aDet,0
21.63728384,-150.4939993,97.07009579,-2951.907211,-150.5018152,97.09963884,-2951.899224,0.002706927359,22,593,11,R134aDet,0
21.36534506,-231.2888239,-325.9736338,-2800,-262.611466,-378.3333992,-2923.993609,0.06171071393,22,723,-11,R134aDet,0
21.82979105,-262.611466,-378.3333992,-2923.993609,-275.1646533,-420.049248,-3007.536065,0.05309676815,22,723,-11,R134aDet,0
22.14712981,-275.1646533,-420.049248,-3007.536065,-284.4820815,-428.8318936,-3049.995905,0.02306832525,22,723,-11,R134aDet,0
22.2968761,-284.4820815,-428.8318936,-3049.995905,-300.0646798,-444.5838812,-3104.108833,0.03643570523,22,723,-11,R134aDet,0
22.49423608,-300.0646798,-444.5838812,-3104.108833,-308.3771175,-461.6557971,-3154.609768,0.03119780171,22,723,-11,R134aDet,0
22.67643183,-308.3771175,-461.6557971,-3154.609768,-308.5893745,-462.103311,-3155.804541,0.0004118403105,22,723,-11,R134aDet,0
22.68081121,-308.5893745,-462.103311,-3155.804541,-308.6840557,-462.330478,-3156.410394,0.000410902396,22,723,-11,R134aDet,0
22.68302556,-308.6840557,-462.330478,-3156.410394,-310.0428824,-465.3975083,-3164.303701,0.003479581552,22,723,-11,R134aDet,0
22.71205778,-310.0428824,-465.3975083,-3164.303701,-316.6581682,-477.1973702,-3200,0.01517320436,22,723,-11,R134aDet,0
23.19131424,-334.0241019,-496.5304742,-3300,-339.8890118,-502.4549031,-3331.014695,0.01483414318,22,723,-11,R134aDet,1
23.29994902,-339.8890118,-502.4549031,-3331.014695,-355.9302203,-533.6583886,-3404.532785,0.04576275214,22,723,-11,R134aDet,1
23.57490346,-355.9302203,-533.6583886,-3404.532785,-354.4861418,-554.5112009,-3461.80272,0.03425897821,22,723,-11,R134aDet,1
23.78172836,-354.4861418,-554.5112009,-3461.80272,-354.8187808,-559.6919001,-3479.517489,0.008379757741,22,723,-11,R134aDet,1
23.84455852,-354.8187808,-559.6919001,-3479.517489,-353.1270189,-589.9174606,-3541.014172,0.03398675284,22,723,-11,R134aDet,1
24.07717349,-353.1270189,-589.9174606,-3541.014172,-353.1926406,-591.1890783,-3543.105137,0.000569440699,22,723,-11,R134aDet,1
24.08552266,-353.1926406,-591.1890783,-3543.105137,-353.2815869,-593.6720712,-3546.914894,0.001254017466,22,723,-11,R134aDet,1
24.1010329,-353.2815869,-593.6720712,-3546.914894,-355.262272,-606.9578321,-3563.399417,0.01088995901,22,723,-11,R134aDet,1
24.17347119,-355.262272,-606.9578321,-3563.399417,-355.8303909,-610.0001899,-3566.537907,0.000684072529,22,723,-11,R134aDet,1
24.18850735,-355.8303909,-610.0001899,-3566.537907,-364.4296969,-716.6868843,-3656.401489,0.06632717941,22,723,-11,R134aDet,1
24.66087823,-364.4296969,-716.6868843,-3656.401489,-362.5177968,-751.588484,-3674.500111,0.01690344308,22,723,-11,R134aDet,1
24.79500368,-362.5177968,-751.588484,-3674.500111,-358.6915156,-787.469763,-3684.010177,0.01668579457,22,723,-11,R134aDet,1
24.92228943,-358.6915156,-787.469763,-3684.010177,-354.065185,-835.0133329,-3693.274201,0.02590057773,22,723,-11,R134aDet,1
25.08828074,-354.065185,-835.0133329,-3693.274201,-351.2919628,-852.2778135,-3696.151047,0.005553065259,22,723,-11,R134aDet,1
25.14891786,-351.2919628,-852.2778135,-3696.151047,-348.4623903,-869.8654091,-3699.411105,0.00815222713,22,723,-11,R134aDet,1
25.21097358,-348.4623903,-869.8654091,-3699.411105,-347.6317982,-874.2276751,-3700,0.003534619269,22,723,-11,R134aDet,1
25.32244874,-347.7383397,-889.8826039,-3700,-347.7704661,-890.0039781,-3699.961681,0.0003037532377,22,758,11,R134aDet,1
25.32400145,-347.7704661,-890.0039781,-3699.961681,-347.8055502,-890.1037072,-3699.908114,0.0003155342977,22,758,11,R134aDet,1
25.32541486,-347.8055502,-890.1037072,-3699.908114,-347.8677166,-890.2286634,-3699.860109,0.0002357378441,22,758,11,R134aDet,1
25.32717898,-347.8677166,-890.2286634,-3699.860109,-347.9709502,-890.3120662,-3699.865793,0.00156677891,22,758,11,R134aDet,1
25.32877892,-347.9709502,-890.3120662,-3699.865793,-348.0526306,-890.4205683,-3699.86986,0.0001218846831,22,758,11,R134aDet,1
25.33047286,-348.0526306,-890.4205683,-3699.86986,-348.0813585,-890.4587678,-3699.868904,0.0002462130365,22,758,11,R134aDet,1
25.33107995,-348.0813585,-890.4587678,-3699.868904,-348.1556317,-890.5664585,-3699.864173,0.0005676079379,22,758,11,R134aDet,1
25.33280826,-348.1556317,-890.5664585,-3699.864173,-348.1795486,-890.6801925,-3699.838074,0.000665917204,22,758,11,R134aDet,1
25.33440947,-348.1795486,-890.6801925,-3699.838074,-348.2719391,-890.7770694,-3699.876079,0.0007641128444,22,758,11,R134aDet,1
25.33647182,-348.2719391,-890.7770694,-3699.876079,-348.3053853,-890.8594525,-3699.87566,0.0006652743452,22,758,11,R134aDet,1
25.33785521,-348.3053853,-890.8594525,-3699.87566,-348.3129834,-890.9644614,-3699.953,0.001071357295,22,758,11,R134aDet,1
25.34006924,-348.3129834,-890.9644614,-3699.953,-348.3032703,-891.0709483,-3699.996159,0.001527735992,22,758,11,R134aDet,1
25.34245696,-348.3032703,-891.0709483,-3699.996159,-348.2755362,-891.0817682,-3700,0.0004587103302,22,758,11,R134aDet,1
25.33785521,-348.3053853,-890.8594525,-3699.87566,-348.3375238,-890.8590133,-3699.871585,0.002747530766,22,783,11,R134aDet,1
25.33440947,-348.1795486,-890.6801925,-3699.838074,-348.1612133,-890.6926853,-3699.810344,0.002899346865,22,782,11,R134aDet,1
25.33107995,-348.0813585,-890.4587678,-3699.868904,-348.0976532,-890.4528304,-3699.87187,0.001911934255,22,781,11,R134aDet,1
25.21097358,-348.4623903,-869.8654091,-3699.411105,-348.4591476,-869.8673022,-3699.396307,0.001752996647,22,757,11,R134aDet,1
25.14891786,-351.2919628,-852.2778135,-3696.151047,-351.2921291,-852.2877615,-3696.110482,0.003187914928,22,756,11,R134aDet,1
25.08828074,-354.065185,-835.0133329,-3693.274201,-354.0538959,-835.0117499,-3693.276235,0.001478097617,22,755,11,R134aDet,1
24.92228943,-358.6915156,-787.469763,-3684.010177,-357.2222625,-787.4096092,-3685.414115,0.006316024846,22,754,11,R134aDet,1
24.94213162,-357.2222625,-787.4096092,-3685.414115,-356.3668885,-788.5924481,-3685.926924,0.005558373581,22,754,11,R134aDet,1
24.9587942,-356.3668885,-788.5924481,-3685.926924,-356.1178542,-789.5636325,-3686.430161,0.008074887474,22,754,11,R134aDet,1
24.97228504,-356.1178542,-789.5636325,-3686.430161,-355.9465095,-789.9525761,-3686.523855,0.004144037434,22,754,11,R134aDet,1
24.97889373,-355.9465095,-789.9525761,-3686.523855,-355.898642,-790.0736336,-3686.441399,0.006686642475,22,754,11,R134aDet,1
24.97889373,-355.9465095,-789.9525761,-3686.523855,-355.9517356,-789.9441743,-3686.508364,0.001963360164,22,784,11,R134aDet,1
24.79500368,-362.5177968,-751.588484,-3674.500111,-362.4210576,-751.3094439,-3676.109113,0.009840257419,22,753,11,R134aDet,1
24.81227346,-362.4210576,-751.3094439,-3676.109113,-362.6144452,-751.4699941,-3676.391489,0.001872720284,22,753,11,R134aDet,1
24.81718114,-362.6144452,-751.4699941,-3676.391489,-362.6127597,-751.7508491,-3676.39663,0.009328532289,22,753,11,R134aDet,1
24.81718114,-362.6144452,-751.4699941,-3676.391489,-362.7423351,-751.4705062,-3676.467037,0.00655071294,22,785,11,R134aDet,1
24.66087823,-364.4296969,-716.6868843,-3656.401489,-364.4011266,-716.6838986,-3656.408431,0.00260337981,22,752,11,R134aDet,1
24.18850735,-355.8303909,-610.0001899,-3566.537907,-355.8380781,-610.0085364,-3566.529559,0.001668329598,22,751,11,R134aDet,1
24.17347119,-355.262272,-606.9578321,-3563.399417,-355.2408681,-606.9454138,-3563.417528,0.002660381788,22,750,11,R134aDet,1
24.1010329,-353.2815869,-593.6720712,-3546.914894,-353.2477444,-593.6627516,-3546.927097,0.002977469759,22,749,11,R134aDet,1
24.08552266,-353.1926406,-591.1890783,-3543.105137,-353.174222,-591.1957385,-3543.101837,0.002057354787,22,748,11,R134aDet,1
24.07717349,-353.1270189,-589.9174606,-3541.014172,-353.1291578,-589.9073657,-3541.020486,0.001518606364,22,747,11,R134aDet,1
23.84455852,-354.8187808,-559.6919001,-3479.517489,-354.9374178,-559.6061655,-3479.566024,0.002367443946,22,746,11,R134aDet,1
23.84715948,-354.9374178,-559.6061655,-3479.566024,-355.011707,-559.5676144,-3479.679039,0.006353203565,22,746,11,R134aDet,1
23.84715948,-354.9374178,-559.6061655,-3479.566024,-354.9427506,-559.5966073,-3479.559308,0.001575697017,22,786,11,R134aDet,1
23.78172836,-354.4861418,-554.5112009,-3461.80272,-354.3639386,-554.4990923,-3461.815354,0.005905655583,22,745,11,R134aDet,1
23.57490346,-355.9302203,-533.6583886,-3404.532785,-380.4985702,-516.0006939,-3432.256417,0.02701207182,22,744,11,R134aDet,1
23.73959212,-380.4985702,-516.0006939,-3432.256417,-396.498554,-498.3385475,-3453.114092,0.0183349461,22,744,11,R134aDet,1
23.87083017,-396.498554,-498.3385475,-3453.114092,-396.7631747,-497.6255414,-3454.652859,0.001775833214,22,744,11,R134aDet,1
23.87892229,-396.7631747,-497.6255414,-3454.652859,-403.937946,-483.8790542,-3481.690404,0.0252671058,22,744,11,R134aDet,1
24.02654879,-403.937946,-483.8790542,-3481.690404,-400.2413466,-487.7115923,-3506.543485,0.023628295,22,744,11,R134aDet,1
24.1517395,-400.2413466,-487.7115923,-3506.543485,-393.9767618,-484.9511616,-3516.477126,0.01072803175,22,744,11,R134aDet,1
24.2138461,-393.9767618,-484.9511616,-3516.477126,-393.6020984,-488.6091895,-3534.156542,0.01601528548,22,744,11,R134aDet,1
24.30898751,-393.6020984,-488.6091895,-3534.156542,-404.0882871,-496.4061211,-3538.415582,0.01366445495,22,744,11,R134aDet,1
24.3847227,-404.0882871,-496.4061211,-3538.415582,-414.0787205,-492.9927495,-3543.25696,0.0150852004,22,744,11,R134aDet,1
24.45244878,-414.0787205,-492.9927495,-3543.25696,-421.7406792,-497.8603529,-3545.115266,0.01184069165,22,744,11,R134aDet,1
24.50950527,-421.7406792,-497.8603529,-3545.115266,-427.6471786,-498.1563034,-3549.862537,0.01025811183,22,744,11,R134aDet,1
24.55863765,-427.6471786,-498.1563034,-3549.862537,-431.5322787,-500.1165469,-3554.347478,0.01069665304,22,744,11,R134aDet,1
24.60126558,-431.5322787,-500.1165469,-3554.347478,-431.5354398,-500.0612626,-3554.514278,0.0007799590631,22,744,11,R134aDet,1
24.60254321,-431.5354398,-500.0612626,-3554.514278,-432.4868289,-499.3460102,-3556.816269,0.005533732954,22,744,11,R134aDet,1
24.62252402,-432.4868289,-499.3460102,-3556.816269,-432.9166987,-497.4953002,-3554.867184,0.009567008441,22,744,11,R134aDet,1
24.64648732,-432.9166987,-497.4953002,-3554.867184,-434.5468894,-498.5524651,-3554.807842,0.007855009963,22,744,11,R134aDet,1
24.66576886,-434.5468894,-498.5524651,-3554.807842,-434.4713286,-499.0219503,-3554.832468,0.002181669135,22,744,11,R134aDet,1
24.67115874,-434.4713286,-499.0219503,-3554.832468,-435.2403014,-499.6899035,-3555.007789,0.008108651281,22,744,11,R134aDet,1
24.68392048,-435.2403014,-499.6899035,-3555.007789,-435.1845368,-499.7826741,-3554.609574,0.007075407631,22,744,11,R134aDet,1
24.69048343,-435.1845368,-499.7826741,-3554.609574,-435.1779602,-499.7581654,-3554.57642,0.003187162006,22,744,11,R134aDet,1
24.69048343,-435.1845368,-499.7826741,-3554.609574,-435.1745252,-499.7833337,-3554.611047,0.001361776641,22,795,11,R134aDet,1
24.67115874,-434.4713286,-499.0219503,-3554.832468,-434.4818222,-499.0120617,-3554.824679,0.001830860843,22,794,11,R134aDet,1
24.62252402,-432.4868289,-499.3460102,-3556.816269,-432.5412637,-499.5101198,-3556.666547,0.002756926565,22,793,11,R134aDet,1
24.62662317,-432.5412637,-499.5101198,-3556.666547,-432.5167932,-499.4714287,-3556.667408,0.00336330576,22,793,11,R134aDet,1
24.62662317,-432.5412637,-499.5101198,-3556.666547,-432.5260394,-499.5203272,-3556.698615,0.002966838469,22,796,11,R134aDet,1
24.60254321,-431.5354398,-500.0612626,-3554.514278,-431.3586069,-500.0421181,-3554.585617,0.007550730884,22,792,11,R134aDet,1
24.3847227,-404.0882871,-496.4061211,-3538.415582,-404.1405364,-496.4764246,-3538.362872,0.00531230097,22,791,11,R134aDet,1
24.30898751,-393.6020984,-488.6091895,-3534.156542,-393.5886866,-488.621695,-3534.167742,0.002156643423,22,790,11,R134aDet,1
23.87892229,-396.7631747,-497.6255414,-3454.652859,-396.7679702,-497.6156425,-3454.646786,0.001554587124,22,789,11,R134aDet,1
23.87083017,-396.498554,-498.3385475,-3453.114092,-398.8334666,-495.3085367,-3451.74229,0.01409452242,22,788,11,R134aDet,1
23.90176158,-398.8334666,-495.3085367,-3451.74229,-400.9784854,-495.646875,-3451.456528,0.0059752183,22,788,11,R134aDet,1
23.92092707,-400.9784854,-495.646875,-3451.456528,-401.4352609,-493.9061362,-3451.008081,0.009217138646,22,788,11,R134aDet,1
23.93963931,-401.4352609,-493.9061362,-3451.008081,-402.3095335,-493.5919242,-3451.685652,0.006142106682,22,788,11,R134aDet,1
23.95335585,-402.3095335,-493.5919242,-3451.685652,-402.3688506,-492.9259514,-3451.643706,0.01070671692,22,788,11,R134aDet,1
23.9627535,-402.3688506,-492.9259514,-3451.643706,-402.3734215,-492.9849445,-3451.685835,0.004382707623,22,788,11,R134aDet,1
23.92092707,-400.9784854,-495.646875,-3451.456528,-401.0753846,-495.6751348,-3451.440359,0.005312100707,22,798,11,R134aDet,1
23.90176158,-398.8334666,-495.3085367,-3451.74229,-398.8357677,-495.3062682,-3451.756012,0.001669131049,22,797,11,R134aDet,1
23.73959212,-380.4985702,-516.0006939,-3432.256417,-380.6215158,-515.855037,-3432.087981,0.008831924946,22,787,11,R134aDet,1
23.29994902,-339.8890118,-502.4549031,-3331.014695,-339.878716,-502.4756551,-3331.010842,0.002273710622,22,743,11,R134aDet,1
22.71205778,-310.0428824,-465.3975083,-3164.303701,-310.0639439,-465.49185,-3164.275096,0.005270678056,22,742,11,R134aDet,0
22.68302556,-308.6840557,-462.330478,-3156.410394,-308.6949293,-462.3364671,-3156.407045,0.001576908548,22,741,11,R134aDet,0
22.68081121,-308.5893745,-462.103311,-3155.804541,-308.6110148,-462.0989191,-3155.80358,0.002193242188,22,740,11,R134aDet,0
22.67643183,-308.3771175,-461.6557971,-3154.609768,-308.4098019,-461.6502479,-3154.60771,0.002787939794,22,739,11,R134aDet,0
22.49423608,-300.0646798,-444.5838812,-3104.108833,-300.0389255,-444.5707466,-3104.121199,0.0026997872,22,738,11,R134aDet,0
22.2968761,-284.4820815,-428.8318936,-3049.995905,-284.4730426,-428.8187948,-3050.00169,0.001867868595,22,737,11,R134aDet,0
22.14712981,-275.1646533,-420.049248,-3007.536065,-275.2153722,-420.0474306,-3007.528585,0.003592558679,22,736,11,R134aDet,0
21.82979105,-262.611466,-378.3333992,-2923.993609,-262.6199842,-378.3421489,-2923.987965,0.001621564248,22,735,11,R134aDet,0
21.25836948,-195.500489,217.8770426,-2800,-215.1384062,242.0402204,-2869.175255,0.03812438183,22,872,11,R134aDet,0
21.51521829,-215.1384062,242.0402204,-2869.175255,-216.0419585,243.2886901,-2872.717805,0.001050559486,22,872,11,R134aDet,0
21.52836382,-216.0419585,243.2886901,-2872.717805,-219.1682172,250.6494107,-2890.478613,0.01419091652,22,872,11,R134aDet,0
21.59459978,-219.1682172,250.6494107,-2890.478613,-220.4855593,254.2356283,-2898.353572,0.008051742366,22,872,11,R134aDet,0
21.62439167,-220.4855593,254.2356283,-2898.353572,-220.945995,255.4399504,-2900.843411,0.002395325488,22,872,11,R134aDet,0
21.63394036,-220.945995,255.4399504,-2900.843411,-241.4030651,286.0157398,-2989.716603,0.04519950712,22,872,11,R134aDet,0
21.95954944,-241.4030651,286.0157398,-2989.716603,-263.1622411,311.6458584,-3042.527776,0.02544364333,22,872,11,R134aDet,0
22.17216583,-263.1622411,311.6458584,-3042.527776,-264.1980538,312.875928,-3044.31365,0.001067572611,22,872,11,R134aDet,0
22.18036553,-264.1980538,312.875928,-3044.31365,-283.6044471,340.3766408,-3079.124391,0.0221472849,22,872,11,R134aDet,0
22.3450558,-283.6044471,340.3766408,-3079.124391,-306.6094487,363.0359492,-3106.669595,0.0205412135,22,872,11,R134aDet,0
22.48953502,-306.6094487,363.0359492,-3106.669595,-338.9299059,380.4226571,-3125.500796,0.01603197784,22,872,11,R134aDet,0
22.63002527,-338.9299059,380.4226571,-3125.500796,-380.2884841,398.484336,-3142.080349,0.02685819094,22,872,11,R134aDet,0
22.79374676,-380.2884841,398.484336,-3142.080349,-414.7915414,411.070449,-3149.358255,0.01546838218,22,872,11,R134aDet,0
22.92141513,-414.7915414,411.070449,-3149.358255,-447.2502637,419.8168681,-3154.895215,0.01271367197,22,872,11,R134aDet,0
23.03765962,-447.2502637,419.8168681,-3154.895215,-464.4560644,424.3709915,-3157.542145,0.01008730005,22,872,11,R134aDet,0
23.09915095,-464.4560644,424.3709915,-3157.542145,-542.7963357,450.9760777,-3185.083272,0.03965340608,22,872,11,R134aDet,0
23.39556419,-542.7963357,450.9760777,-3185.083272,-550.0736857,461.3339581,-3194.950315,0.004640533303,22,872,11,R134aDet,0
23.4504861,-550.0736857,461.3339581,-3194.950315,-555.0260475,467.9028787,-3200,0.004669959408,22,872,11,R134aDet,0
24.07969753,-631.0954667,587.9865114,-3300,-650.6675972,627.9267992,-3335.100364,0.02119329057,22,872,11,R134aDet,1
24.27326078,-650.6675972,627.9267992,-3335.100364,-659.9099891,646.8918034,-3353.578669,0.01755344956,22,872,11,R134aDet,1
24.36937147,-659.9099891,646.8918034,-3353.578669,-665.7430779,662.4921785,-3368.975419,0.007417712345,22,872,11,R134aDet,1
24.44718364,-665.7430779,662.4921785,-3368.975419,-677.6750717,681.905946,-3394.520724,0.01371195463,22,872,11,R134aDet,1
24.56456295,-677.6750717,681.905946,-3394.520724,-682.6618746,689.5091193,-3404.63223,0.007578169269,22,872,11,R134aDet,1
24.61130595,-682.6618746,689.5091193,-3404.63223,-691.0138243,713.966895,-3432.581036,0.02038058989,22,872,11,R134aDet,1
24.7418836,-691.0138243,713.966895,-3432.581036,-698.5235544,731.2509751,-3448.242033,0.01362997864,22,872,11,R134aDet,1
24.82611,-698.5235544,731.2509751,-3448.242033,-701.8559726,737.6117358,-3454.554103,0.007296792726,22,872,11,R134aDet,1
24.85904063,-701.8559726,737.6117358,-3454.554103,-702.5640212,739.0030989,-3456.022733,0.0005447696808,22,872,11,R134aDet,1
24.866431,-702.5640212,739.0030989,-3456.022733,-713.6871711,756.863158,-3481.764295,0.01618799849,22,872,11,R134aDet,1
24.98072315,-713.6871711,756.863158,-3481.764295,-736.1022198,776.4441953,-3511.265297,0.01855040367,22,872,11,R134aDet,1
25.12496435,-736.1022198,776.4441953,-3511.265297,-738.8261394,777.7336053,-3513.826547,0.0009083176916,22,872,11,R134aDet,1
25.13864559,-738.8261394,777.7336053,-3513.826547,-787.2261158,796.9405095,-3570.234773,0.03936526594,22,872,11,R134aDet,1
25.40203739,-787.2261158,796.9405095,-3570.234773,-789.2910919,798.7692983,-3573.165972,0.00108302617,22,872,11,R134aDet,1
25.41598628,-789.2910919,798.7692983,-3573.165972,-799.4805993,808.5246211,-3589.09548,0.01167759224,22,872,11,R134aDet,1
25.48957773,-799.4805993,808.5246211,-3589.09548,-821.2786968,831.8755432,-3621.361825,0.02241473745,22,872,11,R134aDet,1
25.64624484,-821.2786968,831.8755432,-3621.361825,-824.1053675,834.5021341,-3623.933853,0.0008311186055,22,872,11,R134aDet,1
25.66235039,-824.1053675,834.5021341,-3623.933853,-848.3965608,867.6140955,-3650.016387,0.02299252513,22,872,11,R134aDet,1
25.83150927,-848.3965608,867.6140955,-3650.016387,-852.361738,875.9929401,-3654.691509,0.005881511746,22,872,11,R134aDet,1
25.86791173,-852.361738,875.9929401,-3654.691509,-853.6615405,878.8563618,-3656.168072,0.001312917562,22,872,11,R134aDet,1
25.88011108,-853.6615405,878.8563618,-3656.168072,-871.2563045,915.1083884,-3681.797913,0.02499128918,22,872,11,R134aDet,1
26.04664737,-871.2563045,915.1083884,-3681.797913,-872.1523401,917.4413969,-3683.658308,0.001891566051,22,872,11,R134aDet,1
26.05761592,-872.1523401,917.4413969,-3683.658308,-873.7881146,921.6787647,-3686.983357,0.003422207001,22,872,11,R134aDet,1
26.07743446,-873.7881146,921.6787647,-3686.983357,-876.5539862,927.9575781,-3691.920351,0.003229536157,22,872,11,R134aDet,1
26.10718973,-876.5539862,927.9575781,-3691.920351,-880.3552738,937.5948978,-3700,0.005899476753,22,872,11,R134aDet,1
26.10718973,-876.5539862,927.9575781,-3691.920351,-876.5622563,927.9701985,-3691.902674,0.002259722586,22,922,11,R134aDet,1
26.07743446,-873.7881146,921.6787647,-3686.983357,-873.7971292,921.6740821,-3686.985615,0.001383665129,22,921,11,R134aDet,1
26.05761592,-872.1523401,917.4413969,-3683.658308,-872.199001,917.3931939,-3683.709995,0.004779166314,22,920,11,R134aDet,1
26.04664737,-871.2563045,915.1083884,-3681.797913,-871.3035794,915.1486319,-3681.728613,0.00157695171,22,919,11,R134aDet,1
26.04858783,-871.3035794,915.1486319,-3681.728613,-871.2972967,915.1092902,-3681.694962,0.003626846178,22,919,11,R134aDet,1
26.04858783,-871.3035794,915.1486319,-3681.728613,-871.3065189,915.1554647,-3681.720036,0.001460156858,22,941,11,R134aDet,1
25.88011108,-853.6615405,878.8563618,-3656.168072,-853.696949,878.8404091,-3656.174884,0.003082381283,22,918,11,R134aDet,1
25.83150927,-848.3965608,867.6140955,-3650.016387,-847.6575749,867.9670897,-3650.291825,0.007648738944,22,917,11,R134aDet,1
25.84278124,-847.6575749,867.9670897,-3650.291825,-847.5960155,868.2399006,-3650.435011,0.009921644582,22,917,11,R134aDet,1
25.66235039,-824.1053675,834.5021341,-3623.933853,-828.1647005,831.6007961,-3626.972252,0.004881172644,22,916,11,R134aDet,1
25.69244148,-828.1647005,831.6007961,-3626.972252,-838.5475374,823.5299669,-3638.055123,0.0187657472,22,916,11,R134aDet,1
25.78424597,-838.5475374,823.5299669,-3638.055123,-839.2512763,821.2424799,-3638.986126,0.001441405987,22,916,11,R134aDet,1
25.79864389,-839.2512763,821.2424799,-3638.986126,-847.3168962,811.6629734,-3641.349503,0.01556148301,22,916,11,R134aDet,1
25.87136784,-847.3168962,811.6629734,-3641.349503,-856.6313574,812.6998977,-3645.43154,0.01337680578,22,916,11,R134aDet,1
25.93281951,-856.6313574,812.6998977,-3645.43154,-863.4509826,810.6796107,-3649.602216,0.01919295888,22,916,11,R134aDet,1
25.98510146,-863.4509826,810.6796107,-3649.602216,-865.2755216,810.4129136,-3649.810922,0.003140108791,22,916,11,R134aDet,1
25.99805886,-865.2755216,810.4129136,-3649.810922,-868.481757,807.0438746,-3649.95774,0.004029039497,22,916,11,R134aDet,1
26.03226157,-868.481757,807.0438746,-3649.95774,-871.336291,807.0469136,-3647.404909,0.008917628797,22,916,11,R134aDet,1
26.06155173,-871.336291,807.0469136,-3647.404909,-871.7937995,806.8121775,-3647.342385,0.001032772475,22,916,11,R134aDet,1
26.06736861,-871.7937995,806.8121775,-3647.342385,-871.8165747,806.8060046,-3647.363045,0.002695722994,22,916,11,R134aDet,1
26.06736861,-871.7937995,806.8121775,-3647.342385,-1192.33895,-2067.830038,-3311.478098,0.000694,22,946,22,R134aDet,1
35.78039874,-1192.33895,-2067.830038,-3311.478098,-1192.432676,-2068.62413,-3312.132861,0.007275570362,22,947,11,R134aDet,1
35.79315993,-1192.432676,-2068.62413,-3312.132861,-1192.375038,-2068.886547,-3312.524889,0.01245657347,22,947,11,R134aDet,1
26.06155173,-871.336291,807.0469136,-3647.404909,-871.4564845,807.5444978,-3646.160986,0.01012662619,22,945,11,R134aDet,1
26.07676898,-871.4564845,807.5444978,-3646.160986,-870.9721482,807.4792172,-3645.885964,0.01144587689,22,945,11,R134aDet,1
26.08502363,-870.9721482,807.4792172,-3645.885964,-870.9556819,807.4930884,-3645.891609,0.002202411968,22,945,11,R134aDet,1
26.03226157,-868.481757,807.0438746,-3649.95774,-868.4900302,807.0403459,-3649.966815,0.001570754602,22,944,11,R134aDet,1
25.99805886,-865.2755216,810.4129136,-3649.810922,-865.3449198,810.4767472,-3649.810604,0.005076554311,22,943,11,R134aDet,1
25.79864389,-839.2512763,821.2424799,-3638.986126,-839.2117062,821.2224009,-3639.048631,0.004518115336,22,942,11,R134aDet,1
25.64624484,-821.2786968,831.8755432,-3621.361825,-820.9835913,832.0862354,-3621.514975,0.003263792423,22,915,11,R134aDet,1
25.65234067,-820.9835913,832.0862354,-3621.514975,-821.0663408,831.9422854,-3621.416821,0.007577889615,22,915,11,R134aDet,1
25.65234067,-820.9835913,832.0862354,-3621.514975,-820.9875824,832.0935122,-3621.507597,0.001440325071,22,948,11,R134aDet,1
25.48957773,-799.4805993,808.5246211,-3589.09548,-799.5035028,808.5440641,-3589.073192,0.002988942849,22,914,11,R134aDet,1
25.40203739,-787.2261158,796.9405095,-3570.234773,-787.2379827,796.934367,-3570.230239,0.001670051786,22,913,11,R134aDet,1
25.13864559,-738.8261394,777.7336053,-3513.826547,-738.8345928,777.7712534,-3513.802678,0.003345470853,22,912,11,R134aDet,1
25.12496435,-736.1022198,776.4441953,-3511.265297,-736.1075128,776.4513858,-3511.256535,0.001550432516,22,911,11,R134aDet,1
24.98072315,-713.6871711,756.863158,-3481.764295,-712.7045548,757.6855784,-3482.234492,0.002406417051,22,910,11,R134aDet,1
24.99165044,-712.7045548,757.6855784,-3482.234492,-710.9114086,758.122473,-3484.881406,0.008536966013,22,910,11,R134aDet,1
25.01848039,-710.9114086,758.122473,-3484.881406,-710.0131361,757.93626,-3487.187892,0.007209697074,22,910,11,R134aDet,1
25.04104362,-710.0131361,757.93626,-3487.187892,-708.5040615,758.8606677,-3487.895813,0.009020690977,22,910,11,R134aDet,1
25.06008476,-708.5040615,758.8606677,-3487.895813,-709.170099,759.6075555,-3487.204641,0.008694749644,22,910,11,R134aDet,1
25.07432445,-709.170099,759.6075555,-3487.204641,-708.9877025,759.7881375,-3486.759629,0.005282854278,22,910,11,R134aDet,1
25.08195413,-708.9877025,759.7881375,-3486.759629,-709.0048384,759.8345942,-3486.71069,0.004278669155,22,910,11,R134aDet,1
25.08195413,-708.9877025,759.7881375,-3486.759629,-709.0200038,759.8166481,-3486.797681,0.003835931285,22,950,11,R134aDet,1
24.99165044,-712.7045548,757.6855784,-3482.234492,-712.7089246,757.7016437,-3482.234981,0.001849112646,22,949,11,R134aDet,1
24.866431,-702.5640212,739.0030989,-3456.022733,-702.6020127,739.0247075,-3455.992552,0.0007592192354,22,909,11,R134aDet,1
24.86759912,-702.6020127,739.0247075,-3455.992552,-702.6519649,739.009797,-3455.96822,0.003837721516,22,909,11,R134aDet,1
24.86759912,-702.6020127,739.0247075,-3455.992552,-702.6052638,739.0345811,-3455.99312,0.00138404428,22,951,11,R134aDet,1
24.85904063,-701.8559726,737.6117358,-3454.554103,-701.8526537,737.6205989,-3454.548076,0.001449600235,22,908,11,R134aDet,1
24.82611,-698.5235544,731.2509751,-3448.242033,-698.564223,731.2398769,-3448.235887,0.003224884134,22,907,11,R134aDet,1
24.7418836,-691.0138243,713.966895,-3432.581036,-691.0401808,713.9081725,-3432.644584,0.004959332521,22,906,11,R134aDet,1
24.61130595,-682.6618746,689.5091193,-3404.63223,-682.6675332,689.532173,-3404.614585,0.002604671705,22,905,11,R134aDet,1
24.56456295,-677.6750717,681.905946,-3394.520724,-677.6697692,681.8744665,-3394.548945,0.003225211899,22,904,11,R134aDet,1
24.44718364,-665.7430779,662.4921785,-3368.975419,-665.34503,662.9330886,-3368.853049,0.01236214049,22,903,11,R134aDet,1
24.4559251,-665.34503,662.9330886,-3368.853049,-665.3601475,662.9403617,-3368.857566,0.001897290483,22,903,11,R134aDet,1
24.36937147,-659.9099891,646.8918034,-3353.578669,-659.8754221,646.8718373,-3353.61955,0.00382274907,22,902,11,R134aDet,1
24.27326078,-650.6675972,627.9267992,-3335.100364,-650.6790094,627.9215552,-3335.101652,0.001559238694,22,901,11,R134aDet,1
23.4504861,-550.0736857,461.3339581,-3194.950315,-550.4876516,459.5146658,-3198.010127,0.0111500958,22,899,11,R134aDet,0
23.47643813,-550.4876516,459.5146658,-3198.010127,-551.1558699,459.2039326,-3199.245415,0.002992401324,22,899,11,R134aDet,0
23.48891204,-551.1558699,459.2039326,-3199.245415,-551.4675846,458.8139853,-3200,0.002451532657,22,899,11,R134aDet,0
23.39556419,-542.7963357,450.9760777,-3185.083272,-542.7937668,450.9849317,-3185.076447,0.001469471747,22,898,11,R134aDet,0
23.09915095,-464.4560644,424.3709915,-3157.542145,-464.4592566,424.3710697,-3157.531596,0.001433688853,22,897,11,R134aDet,0
23.03765962,-447.2502637,419.8168681,-3154.895215,-447.2549434,419.8027064,-3154.897552,0.001740976928,22,896,11,R134aDet,0
22.92141513,-414.7915414,411.070449,-3149.358255,-414.8046819,411.0332261,-3149.36702,0.00312811962,22,895,11,R134aDet,0
22.79374676,-380.2884841,398.484336,-3142.080349,-380.2807983,398.5086355,-3142.074047,0.002428498353,22,894,11,R134aDet,0
22.63002527,-338.9299059,380.4226571,-3125.500796,-338.9294829,380.4346349,-3125.493047,0.001681818942,22,893,11,R134aDet,0
22.48953502,-306.6094487,363.0359492,-3106.669595,-306.5762617,363.0458896,-3106.727763,0.004211431997,22,892,11,R134aDet,0
22.3450558,-283.6044471,340.3766408,-3079.124391,-283.6068406,340.4126493,-3079.097255,0.003336023686,22,891,11,R134aDet,0
22.18036553,-264.1980538,312.875928,-3044.31365,-264.1942954,312.8876663,-3044.308582,0.001612172548,22,890,11,R134aDet,0
22.17216583,-263.1622411,311.6458584,-3042.527776,-263.1727725,311.6582192,-3042.51407,0.002142347034,22,889,11,R134aDet,0
21.95954944,-241.4030651,286.0157398,-2989.716603,-240.3688133,286.5538474,-2990.049148,0.007138687438,22,888,11,R134aDet,0
21.9725157,-240.3688133,286.5538474,-2990.049148,-239.9208498,285.9452886,-2990.454292,0.007864332996,22,888,11,R134aDet,0
21.98372677,-239.9208498,285.9452886,-2990.454292,-239.9267153,285.9469712,-2990.437026,1.885225703e-05,22,888,11,R134aDet,0
21.98404599,-239.9267153,285.9469712,-2990.437026,-239.893621,285.9460233,-2990.220539,0.008130803834,22,888,11,R134aDet,0
21.98404599,-239.9267153,285.9469712,-2990.437026,-239.9379824,285.9484738,-2990.435257,0.001472095037,22,956,11,R134aDet,0
21.9725157,-240.3688133,286.5538474,-2990.049148,-240.3587675,286.5693331,-2990.061584,0.002202385662,22,955,11,R134aDet,0
21.63394036,-220.945995,255.4399504,-2900.843411,-220.9240111,255.4436566,-2900.847111,0.002222442731,22,887,11,R134aDet,0
21.62439167,-220.4855593,254.2356283,-2898.353572,-220.4762658,254.2284206,-2898.359095,0.001587161312,22,886,11,R134aDet,0
21.59459978,-219.1682172,250.6494107,-2890.478613,-219.184791,250.6471431,-2890.477235,0.001857830145,22,885,11,R134aDet,0
21.52836382,-216.0419585,243.2886901,-2872.717805,-216.7722281,242.5501537,-2872.993004,0.00659303187,22,884,11,R134aDet,0
21.54146719,-216.7722281,242.5501537,-2872.993004,-216.8440272,242.8797083,-2873.33092,0.005748853443,22,884,11,R134aDet,0
21.54849075,-216.8440272,242.8797083,-2873.33092,-216.919067,243.0030419,-2873.304659,0.006506153504,22,884,11,R134aDet,0
21.54849075,-216.8440272,242.8797083,-2873.33092,-216.8402637,242.8798955,-2873.320868,0.001410518354,22,957,11,R134aDet,0
21.51521829,-215.1384062,242.0402204,-2869.175255,-215.1474757,242.0214426,-2869.180394,0.002156029737,22,883,11,R134aDet,0
