# eventID  Edep_gas_total[MeV]  Nsteps_in_gas  Ntracks_in_gas
9 5.797900313 621 265

t0[ns],x0[mm],y0[mm],z0[mm],x1[mm],y1[mm],z1[mm],Edep[MeV],event_id,track_id,pdg,volume_name,volume_copyNo
21.01543797,19.82096708,-19.56662666,-2800,19.99978901,-19.7110665,-2816.525065,0.01232217725,9,1,13,R134aDet,0
21.07056608,19.99978901,-19.7110665,-2816.525065,20.22363836,-19.89134909,-2837.186637,0.01124267163,9,1,13,R134aDet,0
21.13949371,20.22363836,-19.89134909,-2837.186637,20.63733551,-20.22484886,-2875.444064,0.02115395278,9,1,13,R134aDet,0
21.26712161,20.63733551,-20.22484886,-2875.444064,20.8359276,-20.38469759,-2893.801456,0.01169101116,9,1,13,R134aDet,0
21.32836241,20.8359276,-20.38469759,-2893.801456,20.88171314,-20.42158164,-2898.039588,0.004131314032,9,1,13,R134aDet,0
21.34250094,20.88171314,-20.42158164,-2898.039588,21.11931485,-20.6131678,-2920.041547,0.01542585524,9,1,13,R134aDet,0
21.4159001,21.11931485,-20.6131678,-2920.041547,21.48137649,-20.90562413,-2953.585011,0.02125946408,9,1,13,R134aDet,0
21.52780206,21.48137649,-20.90562413,-2953.585011,21.99296018,-21.31873895,-3001.026849,0.03437344938,9,1,13,R134aDet,0
21.68606935,21.99296018,-21.31873895,-3001.026849,22.55183407,-21.76992581,-3052.827229,0.03188033294,9,1,13,R134aDet,0
21.85887688,22.55183407,-21.76992581,-3052.827229,23.40689812,-22.45755451,-3131.965846,0.05007190533,9,1,13,R134aDet,0
22.12288554,23.40689812,-22.45755451,-3131.965846,23.76075042,-22.74107454,-3164.750427,0.02087664314,9,1,13,R134aDet,0
22.23225578,23.76075042,-22.74107454,-3164.750427,23.92015211,-22.86898994,-3179.549524,0.006876535889,9,1,13,R134aDet,0
22.28162594,23.92015211,-22.86898994,-3179.549524,24.14040019,-23.04566056,-3200,0.01358966321,9,1,13,R134aDet,0
22.68345179,25.21737865,-23.90932683,-3300,25.30794375,-23.98200143,-3308.407782,0.00341679716,9,1,13,R134aDet,1
22.71150037,25.30794375,-23.98200143,-3308.407782,25.41791984,-24.07025727,-3318.624898,0.004166546519,9,1,13,R134aDet,1
22.74558493,25.41791984,-24.07025727,-3318.624898,25.56992623,-24.19216922,-3332.748979,0.007824282995,9,1,13,R134aDet,1
22.79270321,25.56992623,-24.19216922,-3332.748979,25.82186607,-24.39415942,-3356.148271,0.01767560693,9,1,13,R134aDet,1
22.87076384,25.82186607,-24.39415942,-3356.148271,26.06215975,-24.58683313,-3378.496957,0.0133867475,9,1,13,R134aDet,1
22.9453196,26.06215975,-24.58683313,-3378.496957,26.08234736,-24.60302955,-3380.374083,0.003522303383,9,1,13,R134aDet,1
22.95158174,26.08234736,-24.60302955,-3380.374083,26.11021696,-24.62536572,-3382.964249,0.001134339631,9,1,13,R134aDet,1
22.9602226,26.11021696,-24.62536572,-3382.964249,27.13321383,-25.44487846,-3478.070683,0.05597234274,9,1,13,R134aDet,1
23.27749998,27.13321383,-25.44487846,-3478.070683,27.93131883,-26.08633633,-3552.408282,0.04535102869,9,1,13,R134aDet,1
23.52549199,27.93131883,-26.08633633,-3552.408282,29.51671552,-27.35874071,-3700,0.09389513766,9,1,13,R134aDet,1
23.52549199,27.93131883,-26.08633633,-3552.408282,28.05269967,-26.10223268,-3552.416124,0.005884648749,9,183,11,R134aDet,1
23.27749998,27.13321383,-25.44487846,-3478.070683,27.12571407,-25.43425084,-3478.071368,0.001589585055,9,182,11,R134aDet,1
22.9602226,26.11021696,-24.62536572,-3382.964249,26.10725544,-24.65405077,-3382.965478,0.00256759947,9,181,11,R134aDet,1
22.95158174,26.08234736,-24.60302955,-3380.374083,25.37150262,-25.61000587,-3380.555849,0.006972238302,9,180,11,R134aDet,1
22.96605116,25.37150262,-25.61000587,-3380.555849,25.76859532,-25.97371013,-3380.10507,0.01330515241,9,180,11,R134aDet,1
22.97577466,25.76859532,-25.97371013,-3380.10507,25.75733704,-25.95802566,-3380.116119,0.002201620976,9,180,11,R134aDet,1
22.9453196,26.06215975,-24.58683313,-3378.496957,26.06821842,-24.51929787,-3378.501835,0.004221272246,9,179,11,R134aDet,1
22.87076384,25.82186607,-24.39415942,-3356.148271,25.87402352,-24.34664252,-3356.152705,0.004316044059,9,178,11,R134aDet,1
22.79270321,25.56992623,-24.19216922,-3332.748979,25.64730532,-24.14767666,-3332.754727,0.004928221837,9,177,11,R134aDet,1
22.74558493,25.41791984,-24.07025727,-3318.624898,25.26447109,-24.26971634,-3318.648181,0.008800535106,9,176,11,R134aDet,1
22.71150037,25.30794375,-23.98200143,-3308.407782,25.26047842,-24.36995294,-3308.445861,0.01121639672,9,175,11,R134aDet,1
22.28162594,23.92015211,-22.86898994,-3179.549524,23.98491542,-22.96122484,-3179.556379,0.005617130133,9,174,11,R134aDet,0
22.23225578,23.76075042,-22.74107454,-3164.750427,23.78603169,-22.75735962,-3164.751539,0.002631168813,9,173,11,R134aDet,0
22.12288554,23.40689812,-22.45755451,-3131.965846,23.42025301,-22.46231929,-3131.966234,0.001675452338,9,172,11,R134aDet,0
21.85887688,22.55183407,-21.76992581,-3052.827229,22.53943232,-21.74670723,-3052.828851,0.002434997136,9,171,11,R134aDet,0
21.68606935,21.99296018,-21.31873895,-3001.026849,21.9809617,-21.30346105,-3001.027978,0.002032141918,9,170,11,R134aDet,0
21.52780206,21.48137649,-20.90562413,-2953.585011,21.51915062,-20.87551207,-2953.587681,0.003472705213,9,169,11,R134aDet,0
21.4159001,21.11931485,-20.6131678,-2920.041547,21.16711573,-20.6062315,-2920.043905,0.003471777888,9,168,11,R134aDet,0
21.34250094,20.88171314,-20.42158164,-2898.039588,20.92625049,-20.33393516,-2898.046889,0.005205060126,9,167,11,R134aDet,0
21.32836241,20.8359276,-20.38469759,-2893.801456,20.84842711,-20.40536583,-2893.80229,0.002312726438,9,166,11,R134aDet,0
21.26712161,20.63733551,-20.22484886,-2875.444064,20.63964041,-20.23620023,-2875.44438,0.001478716208,9,165,11,R134aDet,0
21.13949371,20.22363836,-19.89134909,-2837.186637,21.59025988,-20.19629753,-2837.444893,0.003037592393,9,164,11,R134aDet,0
21.15221911,21.59025988,-20.19629753,-2837.444893,23.49412222,-21.14210587,-2837.71354,0.008459853819,9,164,11,R134aDet,0
21.17274026,23.49412222,-21.14210587,-2837.71354,23.75860888,-20.40829908,-2838.982905,0.007280801615,9,164,11,R134aDet,0
21.18900233,23.75860888,-20.40829908,-2838.982905,24.29807142,-20.62701869,-2839.706564,0.01156861943,9,164,11,R134aDet,0
21.20085772,24.29807142,-20.62701869,-2839.706564,24.43772302,-20.64372184,-2839.78251,0.006824862392,9,164,11,R134aDet,0
21.15221911,21.59025988,-20.19629753,-2837.444893,21.57847353,-20.2148152,-2837.465409,0.002628751374,9,189,11,R134aDet,0
21.07072076,19.99718181,-19.71595412,-2816.525384,19.98712115,-19.72828504,-2816.510127,0.00218995649,9,163,11,R134aDet,0
21.07072076,19.99718181,-19.71595412,-2816.525384,19.99412575,-19.72390079,-2816.533791,0.001508329412,9,190,11,R134aDet,0
21.02571254,-12.98473959,48.23544357,-2800,-17.15603954,50.58221257,-2847.86545,0.02763981194,9,154,-11,R134aDet,0
21.18621778,-17.15603954,50.58221257,-2847.86545,-19.7796532,52.20904779,-2874.394088,0.01493229125,9,154,-11,R134aDet,0
21.2753342,-19.7796532,52.20904779,-2874.394088,-20.04728307,52.3536694,-2877.071268,0.001316554487,9,154,-11,R134aDet,0
21.28432508,-20.04728307,52.3536694,-2877.071268,-22.25565644,53.19746953,-2898.064514,0.009430094478,9,154,-11,R134aDet,0
21.35481749,-22.25565644,53.19746953,-2898.064514,-22.53192391,53.29573477,-2900.74411,0.001156416956,9,154,-11,R134aDet,0
21.36381233,-22.53192391,53.29573477,-2900.74411,-28.99805155,55.51448193,-3004.157035,0.05381900273,9,154,-11,R134aDet,0
21.7095872,-28.99805155,55.51448193,-3004.157035,-29.38127045,55.53983101,-3010.21911,0.003823196411,9,154,-11,R134aDet,0
21.72985622,-29.38127045,55.53983101,-3010.21911,-32.15316365,56.27028429,-3053.654067,0.02817198714,9,154,-11,R134aDet,0
21.87510024,-32.15316365,56.27028429,-3053.654067,-35.2191712,56.9189546,-3106.837676,0.02643285859,9,154,-11,R134aDet,0
22.05286232,-35.2191712,56.9189546,-3106.837676,-42.44164611,57.3725532,-3196.449293,0.05237028848,9,154,-11,R134aDet,0
22.35281911,-42.44164611,57.3725532,-3196.449293,-42.77643864,57.34439746,-3200,0.001685017106,9,154,-11,R134aDet,0
22.70018818,-53.11526629,56.60702665,-3300,-55.50837599,56.65533697,-3321.147259,0.01068743013,9,154,-11,R134aDet,1
22.77120348,-55.50837599,56.65533697,-3321.147259,-55.86048982,56.65890679,-3324.394482,0.001869035329,9,154,-11,R134aDet,1
22.78210275,-55.86048982,56.65890679,-3324.394482,-64.40919649,57.64592202,-3411.592765,0.05948628587,9,154,-11,R134aDet,1
23.0744496,-64.40919649,57.64592202,-3411.592765,-69.77095528,57.85440112,-3469.292404,0.02895817478,9,154,-11,R134aDet,1
23.2678027,-69.77095528,57.85440112,-3469.292404,-75.8493775,57.09641751,-3519.683208,0.0298523101,9,154,-11,R134aDet,1
23.43717816,-75.8493775,57.09641751,-3519.683208,-80.21937646,56.94624047,-3552.199466,0.01571982056,9,154,-11,R134aDet,1
23.54665439,-80.21937646,56.94624047,-3552.199466,-88.3993022,57.17241704,-3616.432638,0.03531762047,9,154,-11,R134aDet,1
23.76270716,-88.3993022,57.17241704,-3616.432638,-92.86213339,56.81660071,-3649.822394,0.01923148759,9,154,-11,R134aDet,1
23.87511859,-92.86213339,56.81660071,-3649.822394,-97.83044521,56.29296381,-3689.051672,0.0219256593,9,154,-11,R134aDet,1
24.00707417,-97.83044521,56.29296381,-3689.051672,-97.93735447,56.2908586,-3690.041102,0.00049971951,9,154,-11,R134aDet,1
24.01039511,-97.93735447,56.2908586,-3690.041102,-98.97470666,56.27236114,-3700,0.005887293826,9,154,-11,R134aDet,1
24.01039511,-97.93735447,56.2908586,-3690.041102,-97.98335623,56.29288081,-3690.038899,0.003376567281,9,221,11,R134aDet,1
24.00707417,-97.83044521,56.29296381,-3689.051672,-102.9308978,55.18599928,-3692.740072,0.006683598165,9,220,11,R134aDet,1
24.04690372,-102.9308978,55.18599928,-3692.740072,-104.3896453,54.68993942,-3694.806008,0.003597721662,9,220,11,R134aDet,1
24.06480087,-104.3896453,54.68993942,-3694.806008,-106.281755,53.35278229,-3698.505958,0.01156233865,9,220,11,R134aDet,1
24.09690011,-106.281755,53.35278229,-3698.505958,-106.7823877,52.96783795,-3700,0.003683653883,9,220,11,R134aDet,1
24.25857632,-116.9733752,56.43960129,-3700,-116.9525602,56.43814573,-3699.968762,0.0003384204951,9,220,11,R134aDet,1
24.25918787,-116.9525602,56.43814573,-3699.968762,-116.9327251,56.42851205,-3699.940927,2.640144068e-05,9,220,11,R134aDet,1
24.26031901,-116.9132734,56.41159283,-3699.920617,-116.8964099,56.38068898,-3699.892493,0.001135257438,9,220,11,R134aDet,1
24.26106112,-116.8964099,56.38068898,-3699.892493,-116.8844833,56.34894235,-3699.843211,0.0003622034768,9,220,11,R134aDet,1
24.26208791,-116.8844833,56.34894235,-3699.843211,-116.8705443,56.34004074,-3699.817815,0.0001034486461,9,220,11,R134aDet,1
24.262628,-116.8705443,56.34004074,-3699.817815,-116.826346,56.25114516,-3699.799151,0.0003967556369,9,220,11,R134aDet,1
24.26449507,-116.826346,56.25114516,-3699.799151,-116.8227826,56.1919512,-3699.791334,0.0007101156807,9,220,11,R134aDet,1
24.26571818,-116.8227826,56.1919512,-3699.791334,-116.8029424,56.15461845,-3699.804357,0.003296515725,9,220,11,R134aDet,1
24.26571818,-116.8227826,56.1919512,-3699.791334,-116.8293672,56.18501714,-3699.781593,0.00163626088,9,230,11,R134aDet,1
24.262628,-116.8705443,56.34004074,-3699.817815,-116.8847888,56.34932903,-3699.791472,0.00269531282,9,229,11,R134aDet,1
24.26311571,-117.0053282,56.58282373,-3700,-117.0069601,56.57914629,-3699.995906,2.422470171e-05,9,228,11,R134aDet,1
24.26342119,-117.0092856,56.57549737,-3699.992292,-117.0107641,56.57096286,-3699.989193,0.0002610525225,9,228,11,R134aDet,1
24.26357414,-117.0107641,56.57096286,-3699.989193,-117.0123022,56.56523465,-3699.986873,0.0001211556371,9,228,11,R134aDet,1
24.2637506,-117.0123022,56.56523465,-3699.986873,-117.0154752,56.56008131,-3699.982424,8.757507936e-05,9,228,11,R134aDet,1
24.26396112,-117.0154752,56.56008131,-3699.982424,-117.0216635,56.5531047,-3699.978115,6.51096487e-05,9,228,11,R134aDet,1
24.26424917,-117.0216635,56.5531047,-3699.978115,-117.0276685,56.54555709,-3699.969391,2.033182047e-05,9,228,11,R134aDet,1
24.2646125,-117.0276685,56.54555709,-3699.969391,-117.0407451,56.54018436,-3699.960225,8.300091883e-05,9,228,11,R134aDet,1
24.26507601,-117.0407451,56.54018436,-3699.960225,-117.0619457,56.53780626,-3699.950158,0.0001421030561,9,228,11,R134aDet,1
24.26570742,-117.0619457,56.53780626,-3699.950158,-117.0875518,56.5396733,-3699.939735,0.001191623316,9,228,11,R134aDet,1
24.26643697,-117.0875518,56.5396733,-3699.939735,-117.087488,56.52409711,-3699.932658,0.00187962922,9,228,11,R134aDet,1
24.06480087,-104.3896453,54.68993942,-3694.806008,-104.4244815,54.71156759,-3694.806283,0.003153784405,9,224,11,R134aDet,1
23.87511859,-92.86213339,56.81660071,-3649.822394,-92.894117,56.83289759,-3649.820022,0.002921342173,9,219,11,R134aDet,1
23.76270716,-88.3993022,57.17241704,-3616.432638,-88.3846879,57.18386782,-3616.435605,0.001990428947,9,218,11,R134aDet,1
23.54665439,-80.21937646,56.94624047,-3552.199466,-80.11124055,57.01730455,-3552.224782,0.00612775421,9,217,11,R134aDet,1
23.43717816,-75.8493775,57.09641751,-3519.683208,-75.69637484,57.14142073,-3519.717212,0.006901457646,9,216,11,R134aDet,1
23.2678027,-69.77095528,57.85440112,-3469.292404,-69.74375312,57.83056464,-3469.297122,0.00294505758,9,215,11,R134aDet,1
23.0744496,-64.40919649,57.64592202,-3411.592765,-64.4517715,57.64223427,-3411.591115,0.003232159345,9,214,11,R134aDet,1
22.78210275,-55.86048982,56.65890679,-3324.394482,-55.86818505,56.67875265,-3324.394595,0.002144534422,9,213,11,R134aDet,1
22.77120348,-55.50837599,56.65533697,-3321.147259,-55.47765722,56.62257612,-3321.153291,0.003342971501,9,212,11,R134aDet,1
22.35281911,-42.44164611,57.3725532,-3196.449293,-42.46460128,57.3583083,-3196.448312,0.00247069972,9,210,11,R134aDet,0
22.05286232,-35.2191712,56.9189546,-3106.837676,-35.19646618,56.92465782,-3106.840185,0.002277177311,9,209,11,R134aDet,0
21.87510024,-32.15316365,56.27028429,-3053.654067,-32.12163194,56.26324915,-3053.658031,0.00275500963,9,208,11,R134aDet,0
21.72985622,-29.38127045,55.53983101,-3010.21911,-29.39250389,55.52855859,-3010.219124,0.001798245431,9,207,11,R134aDet,0
21.7095872,-28.99805155,55.51448193,-3004.157035,-29.00166913,55.52688526,-3004.157306,0.00158184622,9,206,11,R134aDet,0
21.36381233,-22.53192391,53.29573477,-2900.74411,-26.37153271,56.04799275,-2902.33362,0.002123895701,9,205,11,R134aDet,0
21.38683176,-26.37153271,56.04799275,-2902.33362,-27.61193781,64.60148949,-2897.313068,0.006433245748,9,205,11,R134aDet,0
21.43277886,-27.61193781,64.60148949,-2897.313068,-33.26697043,74.41640644,-2878.008438,0.02238260277,9,205,11,R134aDet,0
21.53402783,-33.26697043,74.41640644,-2878.008438,-36.54224252,77.95046129,-2871.144915,0.00834831644,9,205,11,R134aDet,0
21.57491315,-36.54224252,77.95046129,-2871.144915,-54.41851944,82.98121416,-2856.336343,0.02273385803,9,205,11,R134aDet,0
21.68493163,-54.41851944,82.98121416,-2856.336343,-59.5805559,82.76021679,-2852.427701,0.005870376043,9,205,11,R134aDet,0
21.71856704,-59.5805559,82.76021679,-2852.427701,-60.22713506,82.28592815,-2850.869578,0.003306488414,9,205,11,R134aDet,0
21.73073491,-60.22713506,82.28592815,-2850.869578,-63.52686794,79.68636326,-2847.807365,0.01050077829,9,205,11,R134aDet,0
21.76806961,-63.52686794,79.68636326,-2847.807365,-64.31980656,76.20562679,-2845.865255,0.009847289987,9,205,11,R134aDet,0
21.79947115,-64.31980656,76.20562679,-2845.865255,-65.05277955,75.5356333,-2842.910129,0.006628227231,9,205,11,R134aDet,0
21.82568864,-65.05277955,75.5356333,-2842.910129,-65.6584362,75.07078767,-2841.511633,0.004485591087,9,205,11,R134aDet,0
21.84005332,-65.6584362,75.07078767,-2841.511633,-65.61162756,74.67583244,-2840.983429,0.002959690562,9,205,11,R134aDet,0
21.84678933,-65.61162756,74.67583244,-2840.983429,-65.3340844,74.41475715,-2840.737449,0.001154901584,9,205,11,R134aDet,0
21.85202567,-65.3340844,74.41475715,-2840.737449,-64.65753016,74.55020498,-2840.434031,0.01165032792,9,205,11,R134aDet,0
21.8622565,-64.65753016,74.55020498,-2840.434031,-64.68538266,74.58155715,-2840.369937,0.004516144777,9,205,11,R134aDet,0
21.85202567,-65.3340844,74.41475715,-2840.737449,-65.36565704,74.51235455,-2840.708211,0.00544046271,9,238,11,R134aDet,0
21.84678933,-65.61162756,74.67583244,-2840.983429,-65.61143551,74.63131718,-2841.029789,0.004088694552,9,237,11,R134aDet,0
21.84005332,-65.6584362,75.07078767,-2841.511633,-65.72700486,75.02963937,-2841.535131,0.004736455319,9,236,11,R134aDet,0
21.73073491,-60.22713506,82.28592815,-2850.869578,-60.24111604,82.28068798,-2850.888611,0.002313988474,9,235,11,R134aDet,0
21.71856704,-59.5805559,82.76021679,-2852.427701,-60.04123662,82.88593341,-2852.54585,0.0003876161939,9,234,11,R134aDet,0
21.72211098,-60.04123662,82.88593341,-2852.54585,-61.74106775,82.59033838,-2852.964057,0.003324619331,9,234,11,R134aDet,0
21.73519408,-61.74106775,82.59033838,-2852.964057,-64.72418328,82.59926493,-2854.834226,0.006285658874,9,234,11,R134aDet,0
21.76365237,-64.72418328,82.59926493,-2854.834226,-65.28935939,83.3324188,-2856.502363,0.004096939507,9,234,11,R134aDet,0
21.78000705,-65.28935939,83.3324188,-2856.502363,-64.38777127,84.54517148,-2858.460004,0.01105787037,9,234,11,R134aDet,0
21.80251608,-64.38777127,84.54517148,-2858.460004,-64.3859439,85.22950769,-2859.909023,0.007877730129,9,234,11,R134aDet,0
21.81955903,-64.3859439,85.22950769,-2859.909023,-64.33534187,85.57934544,-2860.80145,0.006171679466,9,234,11,R134aDet,0
21.83154311,-64.33534187,85.57934544,-2860.80145,-64.05001952,85.88058444,-2860.808663,0.01156185288,9,234,11,R134aDet,0
21.83154311,-64.33534187,85.57934544,-2860.80145,-64.33626982,85.57999867,-2860.813808,0.001542698318,9,242,11,R134aDet,0
21.78000705,-65.28935939,83.3324188,-2856.502363,-65.29901721,83.33239376,-2856.506921,0.001406015083,9,241,11,R134aDet,0
21.73519408,-61.74106775,82.59033838,-2852.964057,-61.85138179,82.49715862,-2852.796811,0.003288737065,9,240,11,R134aDet,0
21.73923055,-61.85138179,82.49715862,-2852.796811,-61.87361112,82.46815834,-2852.807734,0.003022913835,9,240,11,R134aDet,0
21.73923055,-61.85138179,82.49715862,-2852.796811,-61.84639801,82.48475623,-2852.774267,0.002426052045,9,243,11,R134aDet,0
21.72211098,-60.04123662,82.88593341,-2852.54585,-60.0472265,82.92431126,-2852.550806,0.003069942028,9,239,11,R134aDet,0
21.53402783,-33.26697043,74.41640644,-2878.008438,-33.27095074,74.4077309,-2878.005154,0.001357896819,9,233,11,R134aDet,0
21.43277886,-27.61193781,64.60148949,-2897.313068,-27.72722749,64.80650051,-2897.520036,0.009906116776,9,232,11,R134aDet,0
21.38683176,-26.37153271,56.04799275,-2902.33362,-26.32757845,56.06518901,-2902.336934,0.003428046193,9,231,11,R134aDet,0
21.35481749,-22.25565644,53.19746953,-2898.064514,-22.26266254,53.20586138,-2898.063853,0.001428068619,9,204,11,R134aDet,0
21.28432508,-20.04728307,52.3536694,-2877.071268,-19.99194302,52.71795339,-2877.096487,0.01084435332,9,203,11,R134aDet,0
21.2753342,-19.7796532,52.20904779,-2874.394088,-19.75486875,52.21797661,-2874.397422,0.002444809643,9,202,11,R134aDet,0
21.18621778,-17.15603954,50.58221257,-2847.86545,-16.86008333,50.06171853,-2847.996064,0.007116750259,9,201,11,R134aDet,0
21.19502597,-16.86008333,50.06171853,-2847.996064,-16.89693987,50.10186432,-2848.164576,0.007226634007,9,201,11,R134aDet,0
21.03143669,-14.96595746,71.78392716,-2800,-19.21896397,84.00570748,-2913.720341,0.07857701392,9,153,11,R134aDet,0
21.4132187,-19.21896397,84.00570748,-2913.720341,-19.44913091,84.67299845,-2919.885612,0.003188616176,9,153,11,R134aDet,0
21.43391858,-19.44913091,84.67299845,-2919.885612,-19.86380354,85.92051302,-2931.116088,0.00673510189,9,153,11,R134aDet,0
21.47163593,-19.86380354,85.92051302,-2931.116088,-20.65167458,88.29492168,-2952.353104,0.01291697015,9,153,11,R134aDet,0
21.54296611,-20.65167458,88.29492168,-2952.353104,-23.6501699,97.16830866,-3030.926913,0.04987985177,9,153,11,R134aDet,0
21.80691911,-23.6501699,97.16830866,-3030.926913,-24.81256403,100.4314969,-3060.307648,0.01988851032,9,153,11,R134aDet,0
21.90560324,-24.81256403,100.4314969,-3060.307648,-27.22201826,107.7356882,-3125.222072,0.03591315976,9,153,11,R134aDet,0
22.12365216,-27.22201826,107.7356882,-3125.222072,-27.63144307,109.0051074,-3136.510176,0.005551597272,9,153,11,R134aDet,0
22.1615679,-27.63144307,109.0051074,-3136.510176,-29.11728108,113.4298769,-3176.542011,0.02608135992,9,153,11,R134aDet,0
22.29600657,-29.11728108,113.4298769,-3176.542011,-29.91727878,115.9989996,-3200,0.01512195241,9,153,11,R134aDet,0
22.71052487,-33.45500145,126.9048653,-3300,-35.71162166,134.6968418,-3369.799318,0.04910103749,9,153,11,R134aDet,1
22.94492074,-35.71162166,134.6968418,-3369.799318,-36.68716297,137.9542905,-3399.033805,0.01486140777,9,153,11,R134aDet,1
23.04309566,-36.68716297,137.9542905,-3399.033805,-37.59031818,140.8388034,-3425.280257,0.01640255095,9,153,11,R134aDet,1
23.13122462,-37.59031818,140.8388034,-3425.280257,-38.06744015,142.5135299,-3440.626772,0.007792759178,9,153,11,R134aDet,1
23.18274456,-38.06744015,142.5135299,-3440.626772,-40.74406465,150.795983,-3517.159322,0.05103615904,9,153,11,R134aDet,1
23.43967884,-40.74406465,150.795983,-3517.159322,-42.58705444,155.7398599,-3561.679921,0.02581343598,9,153,11,R134aDet,1
23.58922525,-42.58705444,155.7398599,-3561.679921,-47.23494058,168.7947162,-3678.093979,0.07618760431,9,153,11,R134aDet,1
23.980286,-47.23494058,168.7947162,-3678.093979,-48.06634579,171.2687351,-3700,0.01270845848,9,153,11,R134aDet,1
23.980286,-47.23494058,168.7947162,-3678.093979,-47.22297963,168.7898731,-3678.095492,0.001587108923,9,272,11,R134aDet,1
23.58922525,-42.58705444,155.7398599,-3561.679921,-42.58326229,155.7266554,-3561.682153,0.001655983266,9,271,11,R134aDet,1
23.43967884,-40.74406465,150.795983,-3517.159322,-40.71995168,150.8118646,-3517.160039,0.002568556164,9,270,11,R134aDet,1
23.18274456,-38.06744015,142.5135299,-3440.626772,-38.06695161,142.5245577,-3440.626009,0.001437157628,9,269,11,R134aDet,1
23.13122462,-37.59031818,140.8388034,-3425.280257,-37.58354266,140.892701,-3425.277912,0.003715230452,9,268,11,R134aDet,1
23.04309566,-36.68716297,137.9542905,-3399.033805,-36.68325628,137.9371204,-3399.036582,0.001927238248,9,267,11,R134aDet,1
22.94492074,-35.71162166,134.6968418,-3369.799318,-35.62732169,134.6627724,-3369.812507,0.005003075283,9,266,11,R134aDet,1
22.29600657,-29.11728108,113.4298769,-3176.542011,-29.84071526,114.2977841,-3176.582674,0.009643456344,9,262,11,R134aDet,0
22.30956847,-29.84071526,114.2977841,-3176.582674,-29.44933832,114.2125885,-3176.583548,0.01133907109,9,262,11,R134aDet,0
22.1615679,-27.63144307,109.0051074,-3136.510176,-27.76322931,109.0953412,-3136.508432,0.006822131545,9,261,11,R134aDet,0
22.12365216,-27.22201826,107.7356882,-3125.222072,-27.19997347,107.711359,-3125.227385,0.002790022657,9,260,11,R134aDet,0
21.90560324,-24.81256403,100.4314969,-3060.307648,-24.80195031,100.4341221,-3060.308192,0.001427672318,9,259,11,R134aDet,0
21.80691911,-23.6501699,97.16830866,-3030.926913,-23.63677414,97.14992749,-3030.930539,0.002247626225,9,258,11,R134aDet,0
21.54296611,-20.65167458,88.29492168,-2952.353104,-20.62293258,88.30514619,-2952.354571,0.002654100371,9,257,11,R134aDet,0
21.47163593,-19.86380354,85.92051302,-2931.116088,-19.87463233,85.92075114,-2931.116058,0.001418336968,9,256,11,R134aDet,0
21.43391858,-19.44913091,84.67299845,-2919.885612,-20.07093923,83.05811916,-2920.370506,0.005600315827,9,255,11,R134aDet,0
21.4508539,-20.07093923,83.05811916,-2920.370506,-19.38656816,82.93722464,-2921.901056,0.0089934254,9,255,11,R134aDet,0
21.46842672,-19.38656816,82.93722464,-2921.901056,-18.76570257,82.82657059,-2922.649652,0.01216281538,9,255,11,R134aDet,0
21.48067349,-18.76570257,82.82657059,-2922.649652,-18.70906161,82.87490833,-2922.577153,0.00536166781,9,255,11,R134aDet,0
21.48067349,-18.76570257,82.82657059,-2922.649652,-18.7551714,82.81753247,-2922.651795,0.001665059008,9,279,11,R134aDet,0
21.4508539,-20.07093923,83.05811916,-2920.370506,-20.07470029,83.04567328,-2920.371297,0.001589608814,9,278,11,R134aDet,0
21.4132187,-19.21896397,84.00570748,-2913.720341,-19.68465555,84.70342206,-2913.736311,0.01162312037,9,254,11,R134aDet,0
21.42425958,-19.68465555,84.70342206,-2913.736311,-19.70550965,84.74452817,-2913.839847,0.005628937624,9,254,11,R134aDet,0
21.39555719,192.9551275,-418.91671,-2800,205.4821201,-445.0091445,-2852.489634,0.03051555899,9,468,-11,R134aDet,0
21.59550236,205.4821201,-445.0091445,-2852.489634,208.5618585,-451.1106184,-2864.510933,0.01057092801,9,468,-11,R134aDet,0
21.64163012,208.5618585,-451.1106184,-2864.510933,213.6950261,-461.1998841,-2884.688611,0.01207629315,9,468,-11,R134aDet,0
21.71880596,213.6950261,-461.1998841,-2884.688611,216.7897396,-467.2143358,-2896.737529,0.006163831636,9,468,-11,R134aDet,0
21.76489788,216.7897396,-467.2143358,-2896.737529,237.4386668,-507.8055839,-2978.331979,0.06495055863,9,468,-11,R134aDet,0
22.07659682,237.4386668,-507.8055839,-2978.331979,238.8996886,-510.7515028,-2984.299659,0.001916074495,9,468,-11,R134aDet,0
22.09932543,238.8996886,-510.7515028,-2984.299659,246.3712904,-526.0331383,-3015.35195,0.02386167791,9,468,-11,R134aDet,0
22.21743057,246.3712904,-526.0331383,-3015.35195,248.3475394,-530.0663221,-3023.578302,0.005990149349,9,468,-11,R134aDet,0
22.24869493,248.3475394,-530.0663221,-3023.578302,269.0426463,-573.1697065,-3110.633141,0.06057655728,9,468,-11,R134aDet,0
22.58000052,269.0426463,-573.1697065,-3110.633141,280.8857002,-597.5173423,-3161.111076,0.03664405435,9,468,-11,R134aDet,0
22.77107264,280.8857002,-597.5173423,-3161.111076,281.065619,-597.8928844,-3161.886492,0.0002104138048,9,468,-11,R134aDet,0
22.77400861,281.065619,-597.8928844,-3161.886492,287.1025866,-610.7392437,-3188.126288,0.01420667564,9,468,-11,R134aDet,0
22.87352283,287.1025866,-610.7392437,-3188.126288,289.9182219,-616.5441742,-3200,0.006298908813,9,468,-11,R134aDet,0
23.29812504,313.7792909,-665.2838033,-3300,315.8269391,-669.3799081,-3308.512013,0.007284983445,9,468,-11,R134aDet,1
23.33036714,315.8269391,-669.3799081,-3308.512013,316.9727737,-671.6171679,-3313.218184,0.002447712906,9,468,-11,R134aDet,1
23.34816456,316.9727737,-671.6171679,-3313.218184,317.0273086,-671.724027,-3313.442798,6.55038926e-05,9,468,-11,R134aDet,1
23.34901399,317.0273086,-671.724027,-3313.442798,318.402046,-674.4150582,-3319.09271,0.002975243047,9,468,-11,R134aDet,1
23.37038692,318.402046,-674.4150582,-3319.09271,320.0646226,-677.6503415,-3325.898799,0.003425633085,9,468,-11,R134aDet,1
23.3961292,320.0646226,-677.6503415,-3325.898799,329.135762,-695.0469174,-3362.777968,0.02818186803,9,468,-11,R134aDet,1
23.53547279,329.135762,-695.0469174,-3362.777968,338.7329927,-712.3729877,-3400.52028,0.0271755306,9,468,-11,R134aDet,1
23.6776535,338.7329927,-712.3729877,-3400.52028,339.3601035,-713.5305021,-3403.034774,0.001114046965,9,468,-11,R134aDet,1
23.68712122,339.3601035,-713.5305021,-3403.034774,355.5208685,-742.8664939,-3467.464578,0.04221891918,9,468,-11,R134aDet,1
23.92934418,355.5208685,-742.8664939,-3467.464578,360.1027397,-751.1167347,-3485.465714,0.01311690584,9,468,-11,R134aDet,1
23.99714246,360.1027397,-751.1167347,-3485.465714,361.7165903,-754.0230332,-3491.796533,0.004643069263,9,468,-11,R134aDet,1
24.02099479,361.7165903,-754.0230332,-3491.796533,365.113501,-760.1972319,-3505.266342,0.009318869303,9,468,-11,R134aDet,1
24.07170397,365.113501,-760.1972319,-3505.266342,367.4388161,-764.5833468,-3515.130678,0.008215940276,9,468,-11,R134aDet,1
24.10854082,367.4388161,-764.5833468,-3515.130678,370.0077006,-769.461087,-3526.107586,0.008179676289,9,468,-11,R134aDet,1
24.14951523,370.0077006,-769.461087,-3526.107586,375.7407009,-780.1928786,-3550.139919,0.01328541401,9,468,-11,R134aDet,1
24.23936902,375.7407009,-780.1928786,-3550.139919,380.3969253,-788.9157697,-3569.505006,0.01390265668,9,468,-11,R134aDet,1
24.3118991,380.3969253,-788.9157697,-3569.505006,383.0480022,-793.8618169,-3580.566635,0.007170996297,9,468,-11,R134aDet,1
24.35327444,383.0480022,-793.8618169,-3580.566635,384.9264729,-797.4004107,-3588.481376,0.008655939958,9,468,-11,R134aDet,1
24.3828655,384.9264729,-797.4004107,-3588.481376,390.3348696,-807.5006808,-3611.097905,0.0171454602,9,468,-11,R134aDet,1
24.46743609,390.3348696,-807.5006808,-3611.097905,390.5234043,-807.8482089,-3611.872437,0.0001501703413,9,468,-11,R134aDet,1
24.47033688,390.5234043,-807.8482089,-3611.872437,412.0028249,-847.5536133,-3700,0.06266044365,9,468,-11,R134aDet,1
24.47033688,390.5234043,-807.8482089,-3611.872437,390.5081007,-807.6835723,-3611.968599,0.007542787442,9,508,11,R134aDet,1
24.46743609,390.3348696,-807.5006808,-3611.097905,390.6237841,-807.4516461,-3611.081266,0.004689359568,9,507,11,R134aDet,1
24.4725335,390.6237841,-807.4516461,-3611.081266,390.6414334,-807.4070872,-3611.087733,0.003471870284,9,507,11,R134aDet,1
24.4725335,390.6237841,-807.4516461,-3611.081266,390.6125218,-807.446943,-3611.079804,0.001533683195,9,512,11,R134aDet,1
24.3828655,384.9264729,-797.4004107,-3588.481376,384.9283831,-797.3370888,-3588.514446,0.00434251743,9,506,11,R134aDet,1
24.35327444,383.0480022,-793.8618169,-3580.566635,383.0646312,-793.8776763,-3580.556888,0.002357256961,9,505,11,R134aDet,1
24.3118991,380.3969253,-788.9157697,-3569.505006,380.278503,-788.8477609,-3569.577856,0.006703200806,9,504,11,R134aDet,1
24.23936902,375.7407009,-780.1928786,-3550.139919,375.7305865,-780.1973936,-3550.140785,0.001440785021,9,503,11,R134aDet,1
24.14951523,370.0077006,-769.461087,-3526.107586,370.0078387,-769.3175642,-3526.188696,0.001608259008,9,502,11,R134aDet,1
24.15257829,370.0078387,-769.3175642,-3526.188696,369.9960315,-769.2649339,-3526.223014,0.004076304975,9,502,11,R134aDet,1
24.15257829,370.0078387,-769.3175642,-3526.188696,369.9775223,-769.3165487,-3526.176907,0.002754743351,9,513,11,R134aDet,1
24.10854082,367.4388161,-764.5833468,-3515.130678,367.4260545,-764.5865732,-3515.132844,0.001613199098,9,501,11,R134aDet,1
24.07170397,365.113501,-760.1972319,-3505.266342,365.1231527,-760.1909436,-3505.267351,0.001476842507,9,500,11,R134aDet,1
24.02099479,361.7165903,-754.0230332,-3491.796533,361.7690596,-753.9452263,-3491.826959,0.005207153123,9,499,11,R134aDet,1
23.99714246,360.1027397,-751.1167347,-3485.465714,360.1248725,-751.0872699,-3485.475979,0.00302833654,9,498,11,R134aDet,1
23.92934418,355.5208685,-742.8664939,-3467.464578,355.5113868,-742.8742727,-3467.463989,0.001532620005,9,497,11,R134aDet,1
23.68712122,339.3601035,-713.5305021,-3403.034774,339.3618925,-713.5203435,-3403.039484,0.001459069976,9,496,11,R134aDet,1
23.6776535,338.7329927,-712.3729877,-3400.52028,339.3152495,-712.1946597,-3400.610247,0.0015025655,9,495,11,R134aDet,1
23.68249529,339.3152495,-712.1946597,-3400.610247,342.1290949,-710.9122777,-3402.105247,0.008560189798,9,495,11,R134aDet,1
23.71047919,342.1290949,-710.9122777,-3402.105247,342.675472,-708.4893743,-3403.078714,0.008449579948,9,495,11,R134aDet,1
23.73412833,342.675472,-708.4893743,-3403.078714,341.3204838,-707.4766209,-3402.047055,0.008313587599,9,495,11,R134aDet,1
23.75364683,341.3204838,-707.4766209,-3402.047055,340.4402533,-707.7750538,-3403.018815,0.007932663445,9,495,11,R134aDet,1
23.76886079,340.4402533,-707.7750538,-3403.018815,340.2451997,-708.274488,-3403.511172,0.009174647087,9,495,11,R134aDet,1
23.77883909,340.2451997,-708.274488,-3403.511172,340.3101739,-708.2512175,-3403.647802,0.006661784455,9,495,11,R134aDet,1
23.68249529,339.3152495,-712.1946597,-3400.610247,339.3268727,-712.2227755,-3400.613253,0.002655630458,9,514,11,R134aDet,1
23.53547279,329.135762,-695.0469174,-3362.777968,329.1377092,-695.0592247,-3362.772433,0.001635061937,9,494,11,R134aDet,1
23.3961292,320.0646226,-677.6503415,-3325.898799,320.0766986,-677.6421951,-3325.900391,0.001709361095,9,493,11,R134aDet,1
23.37038692,318.402046,-674.4150582,-3319.09271,316.4458643,-674.8567753,-3319.792092,0.007912608928,9,492,11,R134aDet,1
23.39079202,316.4458643,-674.8567753,-3319.792092,316.2014805,-674.864899,-3319.804285,0.0005550810328,9,492,11,R134aDet,1
23.39344947,316.2014805,-674.864899,-3319.804285,314.8760599,-675.2725062,-3320.295624,0.01119643424,9,492,11,R134aDet,1
23.40957922,314.8760599,-675.2725062,-3320.295624,314.7305535,-674.815868,-3319.927367,0.008530524699,9,492,11,R134aDet,1
23.41829882,314.7305535,-674.815868,-3319.927367,314.6802071,-674.8432841,-3319.826585,0.005701419774,9,492,11,R134aDet,1
23.34901399,317.0273086,-671.724027,-3313.442798,317.0348056,-671.7340503,-3313.436847,0.001651672579,9,491,11,R134aDet,1
23.34816456,316.9727737,-671.6171679,-3313.218184,317.0250974,-671.5932657,-3313.220816,0.003839861535,9,490,11,R134aDet,1
23.33036714,315.8269391,-669.3799081,-3308.512013,315.7995988,-669.4094109,-3308.50718,0.003131604211,9,489,11,R134aDet,1
22.87352283,287.1025866,-610.7392437,-3188.126288,285.9838488,-611.1249713,-3188.411163,0.006146966658,9,487,11,R134aDet,0
22.88723766,285.9838488,-611.1249713,-3188.411163,285.9062435,-610.7196755,-3188.229947,0.004069286176,9,487,11,R134aDet,0
22.89399477,285.9062435,-610.7196755,-3188.229947,285.8272591,-610.7089127,-3188.120083,0.006228349913,9,487,11,R134aDet,0
22.89399477,285.9062435,-610.7196755,-3188.229947,285.8960297,-610.7521411,-3188.233936,0.002839316706,9,516,11,R134aDet,0
22.88723766,285.9838488,-611.1249713,-3188.411163,286.0248631,-611.1466847,-3188.343482,0.004695206821,9,515,11,R134aDet,0
22.77400861,281.065619,-597.8928844,-3161.886492,281.0786976,-597.8956818,-3161.882749,0.001653792922,9,486,11,R134aDet,0
22.77107264,280.8857002,-597.5173423,-3161.111076,280.8960153,-597.5082107,-3161.113738,0.001664252152,9,485,11,R134aDet,0
22.58000052,269.0426463,-573.1697065,-3110.633141,269.0341421,-573.1777655,-3110.631729,0.00149551159,9,484,11,R134aDet,0
22.24869493,248.3475394,-530.0663221,-3023.578302,248.3375443,-530.0705026,-3023.579125,0.001421074435,9,483,11,R134aDet,0
22.21743057,246.3712904,-526.0331383,-3015.35195,246.3076978,-526.0675379,-3015.355758,0.004374668433,9,482,11,R134aDet,0
22.09932543,238.8996886,-510.7515028,-2984.299659,238.8740682,-510.7529471,-2984.306665,0.002447317829,9,481,11,R134aDet,0
22.07659682,237.4386668,-507.8055839,-2978.331979,237.3716159,-508.8111026,-2978.017904,0.007403558725,9,480,11,R134aDet,0
22.08954319,237.3716159,-508.8111026,-2978.017904,237.4829202,-509.1126064,-2978.382593,0.01261201108,9,480,11,R134aDet,0
21.76489788,216.7897396,-467.2143358,-2896.737529,216.7942876,-467.2428184,-2896.724087,0.002718751802,9,479,11,R134aDet,0
21.71880596,213.6950261,-461.1998841,-2884.688611,213.6848614,-461.2474241,-2884.671032,0.003608537921,9,478,11,R134aDet,0
21.64163012,208.5618585,-451.1106184,-2864.510933,208.5471961,-451.1299744,-2864.506308,0.002343736388,9,477,11,R134aDet,0
21.59550236,205.4821201,-445.0091445,-2852.489634,206.4163568,-445.3780279,-2852.233896,0.006202726717,9,476,11,R134aDet,0
21.60767757,206.4163568,-445.3780279,-2852.233896,206.9517117,-445.3779395,-2852.217495,0.01330494362,9,476,11,R134aDet,0
21.60767757,206.4163568,-445.3780279,-2852.233896,206.4160528,-445.3997666,-2852.219117,0.002430413681,9,517,11,R134aDet,0
27.51944775,-2404.703402,1019.822446,-2800,-2463.061272,1050.2854,-2820.650735,0.04064993099,9,683,11,R134aDet,0
27.7496914,-2463.061272,1050.2854,-2820.650735,-2542.98477,1092.134246,-2848.83046,0.04706099923,9,683,11,R134aDet,0
28.06508724,-2542.98477,1092.134246,-2848.83046,-2592.695821,1118.41271,-2867.75013,0.03082991723,9,683,11,R134aDet,0
28.26307892,-2592.695821,1118.41271,-2867.75013,-2607.268968,1125.900971,-2873.027874,0.01097309569,9,683,11,R134aDet,0
28.32053194,-2607.268968,1125.900971,-2873.027874,-2616.418914,1130.707561,-2876.315842,0.007191665468,9,683,11,R134aDet,0
28.35673292,-2616.418914,1130.707561,-2876.315842,-2636.064586,1140.669388,-2883.478283,0.01270415154,9,683,11,R134aDet,0
28.43403988,-2636.064586,1140.669388,-2883.478283,-2669.826418,1158.587853,-2895.896942,0.01920945713,9,683,11,R134aDet,0
28.56817212,-2669.826418,1158.587853,-2895.896942,-2721.65128,1188.258252,-2917.489828,0.03312523762,9,683,11,R134aDet,0
28.78009668,-2721.65128,1188.258252,-2917.489828,-2725.650674,1190.535085,-2919.15593,0.005182123213,9,683,11,R134aDet,0
28.79643353,-2725.650674,1190.535085,-2919.15593,-2747.267725,1203.371991,-2928.606738,0.01449971961,9,683,11,R134aDet,0
28.88607997,-2747.267725,1203.371991,-2928.606738,-2790.082359,1228.824867,-2948.48206,0.0311642281,9,683,11,R134aDet,0
29.06506049,-2790.082359,1228.824867,-2948.48206,-2820.258159,1247.020149,-2963.066674,0.02220305151,9,683,11,R134aDet,0
29.19234305,-2820.258159,1247.020149,-2963.066674,-2867.212462,1275.667253,-2985.838147,0.03296949752,9,683,11,R134aDet,0
29.3910209,-2867.212462,1275.667253,-2985.838147,-2896.576712,1294.120451,-3000.206428,0.02048122338,9,683,11,R134aDet,0
29.51631388,-2896.576712,1294.120451,-3000.206428,-2896.765564,1294.235434,-3000.293854,3.656983751e-05,9,683,11,R134aDet,0
29.51710751,-2896.765564,1294.235434,-3000.293854,-2904.778949,1299.183817,-3004.074978,0.006036688863,9,683,11,R134aDet,0
29.55098289,-2904.778949,1299.183817,-3004.074978,-2939.186806,1321.028459,-3019.400522,0.02092511327,9,683,11,R134aDet,0
29.69630945,-2939.186806,1321.028459,-3019.400522,-2942.046763,1322.894169,-3020.635589,0.001985939738,9,683,11,R134aDet,0
29.7084302,-2942.046763,1322.894169,-3020.635589,-2946.005063,1325.478009,-3022.374842,0.003950330639,9,683,11,R134aDet,0
29.72524273,-2946.005063,1325.478009,-3022.374842,-3008.77068,1365.962854,-3047.824417,0.04044290453,9,683,11,R134aDet,0
29.98857333,-3008.77068,1365.962854,-3047.824417,-3034.757594,1382.538393,-3058.626059,0.01841090857,9,683,11,R134aDet,0
30.09758594,-3034.757594,1382.538393,-3058.626059,-3134.664525,1446.161284,-3098.16585,0.06425003409,9,683,11,R134aDet,0
30.51425849,-3134.664525,1446.161284,-3098.16585,-3167.542113,1470.476681,-3111.822274,0.02767701271,9,683,11,R134aDet,0
30.65815118,-3167.542113,1470.476681,-3111.822274,-3176.465736,1477.038496,-3115.933343,0.004329082292,9,683,11,R134aDet,0
30.69758821,-3176.465736,1477.038496,-3115.933343,-3177.555608,1477.81733,-3116.43874,0.0007723159649,9,683,11,R134aDet,0
30.70236736,-3177.555608,1477.81733,-3116.43874,-3206.564255,1498.147614,-3129.668099,0.01961757879,9,683,11,R134aDet,0
30.8285764,-3206.564255,1498.147614,-3129.668099,-3211.814236,1502.011885,-3132.032173,0.004050658126,9,683,11,R134aDet,0
30.85172291,-3211.814236,1502.011885,-3132.032173,-3237.25852,1520.446287,-3143.320054,0.0181289021,9,683,11,R134aDet,0
30.96316,-3237.25852,1520.446287,-3143.320054,-3292.127451,1556.694552,-3166.990817,0.03183550873,9,683,11,R134aDet,0
31.19641951,-3292.127451,1556.694552,-3166.990817,-3339.625819,1587.517402,-3185.430822,0.03539738843,9,683,11,R134aDet,0
31.39517032,-3339.625819,1587.517402,-3185.430822,-3345.712084,1591.455626,-3187.861888,0.003647401684,9,683,11,R134aDet,0
31.4206935,-3345.712084,1591.455626,-3187.861888,-3376.533348,1611.098858,-3199.855621,0.0158052573,9,683,11,R134aDet,0
31.54909979,-3376.533348,1611.098858,-3199.855621,-3376.919753,1611.339933,-3200,9.290036752e-05,9,683,11,R134aDet,0
31.54909979,-3376.533348,1611.098858,-3199.855621,-3376.585606,1611.053964,-3199.904144,0.0003949162017,9,751,11,R134aDet,0
31.5505396,-3376.585606,1611.053964,-3199.904144,-3376.598631,1611.006233,-3199.931398,0.000160540401,9,751,11,R134aDet,0
31.55154352,-3376.598631,1611.006233,-3199.931398,-3376.599533,1610.969164,-3199.953788,0.0002348227775,9,751,11,R134aDet,0
31.5523276,-3376.599533,1610.969164,-3199.953788,-3376.604054,1610.943887,-3199.96124,0.0002172613446,9,751,11,R134aDet,0
31.55330563,-3376.59457,1610.920382,-3199.964757,-3376.583146,1610.901143,-3199.973991,0.0001147868219,9,751,11,R134aDet,0
31.55376177,-3376.583146,1610.901143,-3199.973991,-3376.571007,1610.884312,-3199.984058,2.738791779e-05,9,751,11,R134aDet,0
31.55419973,-3376.571007,1610.884312,-3199.984058,-3376.563981,1610.862333,-3199.995016,1.886873617e-05,9,751,11,R134aDet,0
31.55468434,-3376.563981,1610.862333,-3199.995016,-3376.569905,1610.851698,-3200,6.979771141e-05,9,751,11,R134aDet,0
31.5681204,-3376.914597,1610.332896,-3200,-3376.923217,1610.322598,-3199.997725,0.000133258909,9,751,11,R134aDet,0
31.5684015,-3376.923217,1610.322598,-3199.997725,-3376.931476,1610.310168,-3199.997972,4.599088018e-05,9,751,11,R134aDet,0
31.56871199,-3376.931476,1610.310168,-3199.997972,-3376.939881,1610.299474,-3199.998788,0.000117451668,9,751,11,R134aDet,0
31.56899681,-3376.939881,1610.299474,-3199.998788,-3376.94427,1610.297679,-3200,2.099380743e-05,9,751,11,R134aDet,0
31.4206935,-3345.712084,1591.455626,-3187.861888,-3345.689653,1591.488923,-3187.871808,0.003169486202,9,750,11,R134aDet,0
31.39517032,-3339.625819,1587.517402,-3185.430822,-3339.638527,1587.508787,-3185.416293,0.002135593463,9,749,11,R134aDet,0
31.19641951,-3292.127451,1556.694552,-3166.990817,-3292.112563,1556.689344,-3167.045334,0.003807935275,9,748,11,R134aDet,0
30.96316,-3237.25852,1520.446287,-3143.320054,-3237.210825,1520.462958,-3143.441856,0.006128164254,9,747,11,R134aDet,0
30.85172291,-3211.814236,1502.011885,-3132.032173,-3206.535774,1507.117929,-3146.696403,0.01380115435,9,746,11,R134aDet,0
30.93303272,-3206.535774,1507.117929,-3146.696403,-3202.652148,1510.024545,-3158.608903,0.01543412477,9,746,11,R134aDet,0
31.00627638,-3202.652148,1510.024545,-3158.608903,-3203.919193,1514.244957,-3162.810848,0.009119373615,9,746,11,R134aDet,0
31.04102138,-3203.919193,1514.244957,-3162.810848,-3204.805697,1521.990041,-3166.829634,0.009505431426,9,746,11,R134aDet,0
31.09625732,-3204.796979,1521.932781,-3166.876237,-3204.927289,1518.040705,-3170.205488,0.01025756144,9,746,11,R134aDet,0
31.12990922,-3204.927289,1518.040705,-3170.205488,-3206.235354,1516.813738,-3169.916715,0.002969875316,9,746,11,R134aDet,0
31.14313467,-3206.235354,1516.813738,-3169.916715,-3206.420127,1516.60836,-3169.897775,0.0002479923932,9,746,11,R134aDet,0
31.14519144,-3206.420127,1516.60836,-3169.897775,-3208.822078,1512.894386,-3170.170167,0.01029955735,9,746,11,R134aDet,0
31.1785433,-3208.822078,1512.894386,-3170.170167,-3209.831885,1510.144521,-3168.440681,0.008958592134,9,746,11,R134aDet,0
31.20634569,-3209.831885,1510.144521,-3168.440681,-3210.165914,1509.286213,-3167.834227,0.001160699404,9,746,11,R134aDet,0
31.21620303,-3210.165914,1509.286213,-3167.834227,-3211.374586,1507.598895,-3167.689826,0.009828216458,9,746,11,R134aDet,0
31.23634061,-3211.374586,1507.598895,-3167.689826,-3212.381179,1506.966602,-3168.276547,0.004847388842,9,746,11,R134aDet,0
31.25141296,-3212.381179,1506.966602,-3168.276547,-3211.819411,1507.154441,-3168.860788,0.00527330709,9,746,11,R134aDet,0
31.26195803,-3211.819411,1507.154441,-3168.860788,-3211.554272,1506.828342,-3168.950168,0.01178524329,9,746,11,R134aDet,0
31.26195803,-3211.819411,1507.154441,-3168.860788,-3211.8191,1507.15108,-3168.847876,0.001613567155,9,762,11,R134aDet,0
31.21620303,-3210.165914,1509.286213,-3167.834227,-3210.243682,1509.342509,-3167.809126,0.001718490426,9,761,11,R134aDet,0
31.21852419,-3210.243682,1509.342509,-3167.809126,-3210.264063,1509.368424,-3167.803386,0.001018292726,9,761,11,R134aDet,0
31.21947504,-3210.264063,1509.368424,-3167.803386,-3210.273411,1509.393816,-3167.811786,0.00253971098,9,761,11,R134aDet,0
31.14519144,-3206.420127,1516.60836,-3169.897775,-3206.427488,1516.612187,-3169.887102,0.001626398356,9,760,11,R134aDet,0
31.12990922,-3204.927289,1518.040705,-3170.205488,-3204.952302,1518.01089,-3170.416539,0.008040075001,9,759,11,R134aDet,0
31.09625732,-3204.796979,1521.932781,-3166.876237,-3204.782289,1521.927355,-3166.870764,0.001844531368,9,758,11,R134aDet,0
31.04102138,-3203.919193,1514.244957,-3162.810848,-3203.917121,1514.240432,-3162.820274,0.001404398339,9,757,11,R134aDet,0
30.93303272,-3206.535774,1507.117929,-3146.696403,-3206.555405,1507.041688,-3146.72338,0.004732409403,9,756,11,R134aDet,0
30.8285764,-3206.564255,1498.147614,-3129.668099,-3206.559478,1498.158869,-3129.66208,0.001634571314,9,745,11,R134aDet,0
30.70248859,-3177.55566,1477.814131,-3116.446453,-3177.488756,1477.70847,-3116.918513,0.01264405799,9,744,11,R134aDet,0
30.70248859,-3177.55566,1477.814131,-3116.446453,-3177.562658,1477.806128,-3116.445699,0.001404270112,9,763,11,R134aDet,0
30.69758821,-3176.465736,1477.038496,-3115.933343,-3176.389466,1477.292643,-3115.789181,0.002848171353,9,743,11,R134aDet,0
30.7025118,-3176.389466,1477.292643,-3115.789181,-3176.43816,1477.221198,-3115.66425,0.00663401039,9,743,11,R134aDet,0
30.7025118,-3176.389466,1477.292643,-3115.789181,-3176.377537,1477.28996,-3115.786018,0.001559525343,9,764,11,R134aDet,0
30.65815118,-3167.542113,1470.476681,-3111.822274,-3166.95373,1471.341009,-3112.135508,0.007512804526,9,742,11,R134aDet,0
30.67139494,-3166.95373,1471.341009,-3112.135508,-3167.123722,1470.859947,-3112.165496,0.01296513538,9,742,11,R134aDet,0
30.51425849,-3134.664525,1446.161284,-3098.16585,-3134.672741,1446.151946,-3098.163589,0.001560523507,9,741,11,R134aDet,0
30.09758594,-3034.757594,1382.538393,-3058.626059,-3034.765427,1382.529793,-3058.621293,0.001555141219,9,740,11,R134aDet,0
29.98857333,-3008.77068,1365.962854,-3047.824417,-3008.767468,1365.971346,-3047.819909,0.001361408148,9,739,11,R134aDet,0
29.72524273,-2946.005063,1325.478009,-3022.374842,-2945.941255,1325.570975,-3022.407496,0.005741182789,9,738,11,R134aDet,0
29.7084302,-2942.046763,1322.894169,-3020.635589,-2942.033754,1323.006115,-3020.5337,0.006633951768,9,737,11,R134aDet,0
29.69630945,-2939.186806,1321.028459,-3019.400522,-2939.181429,1321.039094,-3019.398247,0.001521339674,9,736,11,R134aDet,0
29.55098289,-2904.778949,1299.183817,-3004.074978,-2904.787102,1299.186318,-3004.056432,0.002091410166,9,735,11,R134aDet,0
29.51710751,-2896.765564,1294.235434,-3000.293854,-2896.773228,1294.21759,-3000.303608,0.00217125346,9,734,11,R134aDet,0
29.51631388,-2896.576712,1294.120451,-3000.206428,-2896.581356,1294.108587,-3000.213611,0.001707354794,9,733,11,R134aDet,0
29.3910209,-2867.212462,1275.667253,-2985.838147,-2867.228719,1275.657264,-2985.820301,0.002421527832,9,732,11,R134aDet,0
29.19234305,-2820.258159,1247.020149,-2963.066674,-2820.247405,1247.037356,-2963.07039,0.002104698785,9,731,11,R134aDet,0
29.06506049,-2790.082359,1228.824867,-2948.48206,-2790.08923,1228.818065,-2948.477168,0.001418700418,9,730,11,R134aDet,0
28.88607997,-2747.267725,1203.371991,-2928.606738,-2747.279612,1203.369154,-2928.586575,0.002279072587,9,729,11,R134aDet,0
28.79643353,-2725.650674,1190.535085,-2919.15593,-2725.937969,1190.446052,-2918.763529,0.0127302729,9,728,11,R134aDet,0
28.78009668,-2721.65128,1188.258252,-2917.489828,-2721.679805,1188.230088,-2917.46698,0.003378359963,9,727,11,R134aDet,0
28.56817212,-2669.826418,1158.587853,-2895.896942,-2669.886453,1158.578176,-2895.787801,0.005945506276,9,726,11,R134aDet,0
28.43403988,-2636.064586,1140.669388,-2883.478283,-2637.979634,1140.600753,-2889.461331,0.004971018882,9,725,11,R134aDet,0
28.46321313,-2637.979634,1140.600753,-2889.461331,-2638.357125,1140.470392,-2891.245804,0.002356914134,9,725,11,R134aDet,0
28.47184662,-2638.357125,1140.470392,-2891.245804,-2639.692721,1140.70313,-2896.267865,0.004652719548,9,725,11,R134aDet,0
28.49634785,-2639.692721,1140.70313,-2896.267865,-2640.474286,1140.839046,-2899.115268,0.004109422919,9,725,11,R134aDet,0
28.51052376,-2640.474286,1140.839046,-2899.115268,-2640.414477,1140.640478,-2903.549746,0.002465040003,9,725,11,R134aDet,0
28.53222899,-2640.414477,1140.640478,-2903.549746,-2640.629409,1140.82657,-2905.965919,0.001128318205,9,725,11,R134aDet,0
28.54442559,-2640.629409,1140.82657,-2905.965919,-2640.932387,1140.629714,-2907.812866,0.001260859737,9,725,11,R134aDet,0
28.55397256,-2640.932387,1140.629714,-2907.812866,-2641.185959,1141.087437,-2916.472235,0.009711933194,9,725,11,R134aDet,0
28.59825831,-2641.185959,1141.087437,-2916.472235,-2640.232592,1140.928314,-2923.53846,0.006755129247,9,725,11,R134aDet,0
28.63606828,-2640.232592,1140.928314,-2923.53846,-2634.611726,1137.341205,-2938.100747,0.01642905135,9,725,11,R134aDet,0
28.72289594,-2634.611726,1137.341205,-2938.100747,-2634.067781,1136.831704,-2939.603264,0.001427918347,9,725,11,R134aDet,0
28.73240905,-2634.067781,1136.831704,-2939.603264,-2633.058623,1136.419097,-2941.299375,0.002238952351,9,725,11,R134aDet,0
28.74424564,-2633.058623,1136.419097,-2941.299375,-2624.64693,1137.655456,-2946.564078,0.0167506313,9,725,11,R134aDet,0
28.80468264,-2624.64693,1137.655456,-2946.564078,-2617.811169,1137.499259,-2949.832854,0.01679072209,9,725,11,R134aDet,0
28.85379162,-2617.811169,1137.499259,-2949.832854,-2614.149063,1140.115839,-2952.918442,0.01066161886,9,725,11,R134aDet,0
28.8924451,-2614.149063,1140.115839,-2952.918442,-2611.163216,1142.575005,-2951.090985,0.00592681997,9,725,11,R134aDet,0
28.92498703,-2611.163216,1142.575005,-2951.090985,-2608.74446,1144.42218,-2949.020936,0.008145063381,9,725,11,R134aDet,0
28.95431955,-2608.74446,1144.42218,-2949.020936,-2606.287725,1146.005663,-2948.88965,0.006908925961,9,725,11,R134aDet,0
28.97945234,-2606.287725,1146.005663,-2948.88965,-2604.352905,1146.434271,-2947.643072,0.008030791122,9,725,11,R134aDet,0
29.00117676,-2604.352905,1146.434271,-2947.643072,-2603.779298,1147.234768,-2946.244133,0.008985456693,9,725,11,R134aDet,0
29.01894858,-2603.779298,1147.234768,-2946.244133,-2604.477861,1147.980057,-2946.284066,0.01128724662,9,725,11,R134aDet,0
29.03161503,-2604.477861,1147.980057,-2946.284066,-2604.680394,1148.077527,-2946.318367,0.008301211577,9,725,11,R134aDet,0
28.74424564,-2633.058623,1136.419097,-2941.299375,-2633.113148,1136.505912,-2941.371561,0.005957348759,9,774,11,R134aDet,0
28.73240905,-2634.067781,1136.831704,-2939.603264,-2634.300769,1136.870799,-2939.761452,0.009390700365,9,773,11,R134aDet,0
28.63606828,-2640.232592,1140.928314,-2923.53846,-2640.25755,1140.924823,-2923.547731,0.002460936233,9,772,11,R134aDet,0
28.59825831,-2641.185959,1141.087437,-2916.472235,-2641.380087,1141.150069,-2916.506299,0.007876763474,9,771,11,R134aDet,0
28.55397256,-2640.932387,1140.629714,-2907.812866,-2640.950388,1140.631374,-2907.812544,0.001943889849,9,770,11,R134aDet,0
28.54442559,-2640.629409,1140.82657,-2905.965919,-2640.55427,1140.882857,-2905.986843,0.005133576447,9,769,11,R134aDet,0
28.53222899,-2640.414477,1140.640478,-2903.549746,-2640.395022,1140.571829,-2903.558561,0.004357338774,9,768,11,R134aDet,0
28.51052376,-2640.474286,1140.839046,-2899.115268,-2640.708714,1141.128653,-2899.099573,0.01090238294,9,767,11,R134aDet,0
28.49634785,-2639.692721,1140.70313,-2896.267865,-2639.64028,1140.670743,-2896.290892,0.004143643808,9,766,11,R134aDet,0
28.47184662,-2638.357125,1140.470392,-2891.245804,-2638.344772,1140.473526,-2891.250335,0.00162707771,9,765,11,R134aDet,0
28.35673292,-2616.418914,1130.707561,-2876.315842,-2616.437824,1130.745353,-2876.23028,0.005110842612,9,724,11,R134aDet,0
28.32053194,-2607.268968,1125.900971,-2873.027874,-2607.258773,1125.907009,-2873.05219,0.002471528611,9,723,11,R134aDet,0
28.26307892,-2592.695821,1118.41271,-2867.75013,-2592.696944,1118.418849,-2867.740042,0.001500254351,9,722,11,R134aDet,0
28.06508724,-2542.98477,1092.134246,-2848.83046,-2542.968952,1092.159883,-2848.843371,0.002766128132,9,721,11,R134aDet,0
27.7496914,-2463.061272,1050.2854,-2820.650735,-2463.063395,1050.297755,-2820.631538,0.002241590589,9,720,11,R134aDet,0
23.63125102,-562.6313581,862.0607695,-3187.971288,-562.210191,863.7130439,-3190.176944,0.004230850056,9,921,11,R134aDet,0
23.64697363,-562.210191,863.7130439,-3190.176944,-564.4829016,871.9639035,-3192.933009,0.008785720326,9,921,11,R134aDet,0
23.69712517,-564.4829016,871.9639035,-3192.933009,-563.9642681,876.6999682,-3194.436608,0.005487390107,9,921,11,R134aDet,0
23.72703431,-563.9642681,876.6999682,-3194.436608,-564.4266972,880.4158241,-3196.982321,0.005742614588,9,921,11,R134aDet,0
23.75494616,-564.4266972,880.4158241,-3196.982321,-564.1156419,883.1468151,-3200,0.007737339603,9,921,11,R134aDet,0
23.75494616,-564.4266972,880.4158241,-3196.982321,-564.6095697,880.3931691,-3197.027261,0.007507553305,9,925,11,R134aDet,0
23.72703431,-563.9642681,876.6999682,-3194.436608,-563.976937,876.7004017,-3194.441124,0.001621872317,9,924,11,R134aDet,0
23.69712517,-564.4829016,871.9639035,-3192.933009,-564.4837775,871.9654716,-3192.918735,0.00169014255,9,923,11,R134aDet,0
23.64697363,-562.210191,863.7130439,-3190.176944,-562.0125047,863.5326924,-3190.444388,0.01098891837,9,922,11,R134aDet,0
21.06343741,100.6503096,-132.5737404,-2800,108.0986636,-143.278955,-2860.759582,0.03221177336,9,1050,-11,R134aDet,0
21.27075821,108.0986636,-143.278955,-2860.759582,109.2099429,-144.7333677,-2869.284003,0.003495582711,9,1050,-11,R134aDet,0
21.29984677,109.2099429,-144.7333677,-2869.284003,116.2106444,-153.1817007,-2917.66685,0.02808159652,9,1050,-11,R134aDet,0
21.46536044,116.2106444,-153.1817007,-2917.66685,130.6163497,-170.4139352,-3014.188151,0.06307205257,9,1050,-11,R134aDet,0
21.79596366,130.6163497,-170.4139352,-3014.188151,132.0734383,-172.0778252,-3024.243594,0.006618585985,9,1050,-11,R134aDet,0
21.83031393,132.0734383,-172.0778252,-3024.243594,141.4929428,-183.4678725,-3089.038106,0.03635188419,9,1050,-11,R134aDet,0
22.05203145,141.4929428,-183.4678725,-3089.038106,153.9514262,-196.2078067,-3163.547173,0.04635566098,9,1050,-11,R134aDet,0
22.30761283,153.9514262,-196.2078067,-3163.547173,156.7686853,-199.0802933,-3180.672988,0.009593357106,9,1050,-11,R134aDet,0
22.36630566,156.7686853,-199.0802933,-3180.672988,157.9703652,-200.2494909,-3187.791621,0.004904746599,9,1050,-11,R134aDet,0
22.39070578,157.9703652,-200.2494909,-3187.791621,160.3001956,-202.1498794,-3200,0.007260703063,9,1050,-11,R134aDet,0
22.77610674,179.1764277,-217.6636042,-3300,196.6072671,-229.0554721,-3382.99127,0.05261935817,9,1050,-11,R134aDet,1
23.06155631,196.6072671,-229.0554721,-3382.99127,203.4887475,-234.2985142,-3418.770391,0.01869073753,9,1050,-11,R134aDet,1
23.18436474,203.4887475,-234.2985142,-3418.770391,205.0963261,-235.5194867,-3428.13803,0.004866797957,9,1050,-11,R134aDet,1
23.21633593,205.0963261,-235.5194867,-3428.13803,215.9105946,-244.6322078,-3491.175144,0.04199972585,9,1050,-11,R134aDet,1
23.4318659,215.9105946,-244.6322078,-3491.175144,226.4428311,-252.4206758,-3547.269359,0.03196120262,9,1050,-11,R134aDet,1
23.62404223,226.4428311,-252.4206758,-3547.269359,226.7097967,-252.6071166,-3548.654586,0.001165839968,9,1050,-11,R134aDet,1
23.62878986,226.7097967,-252.6071166,-3548.654586,227.3832027,-253.0949441,-3552.143295,0.001487886013,9,1050,-11,R134aDet,1
23.64075557,227.3832027,-253.0949441,-3552.143295,228.1057874,-253.6146611,-3555.986276,0.001361323163,9,1050,-11,R134aDet,1
23.6539166,228.1057874,-253.6146611,-3555.986276,228.2454406,-253.7181386,-3556.750333,0.0002846969587,9,1050,-11,R134aDet,1
23.65653092,228.2454406,-253.7181386,-3556.750333,234.1227741,-257.9692122,-3587.962776,0.01470965465,9,1050,-11,R134aDet,1
23.76343956,234.1227741,-257.9692122,-3587.962776,241.9227247,-262.8460804,-3628.667925,0.02322977548,9,1050,-11,R134aDet,1
23.90266707,241.9227247,-262.8460804,-3628.667925,245.0230617,-264.9572412,-3644.636688,0.007418956948,9,1050,-11,R134aDet,1
23.95739428,245.0230617,-264.9572412,-3644.636688,245.7585585,-265.4582731,-3648.398154,0.003662556731,9,1050,-11,R134aDet,1
23.97029042,245.7585585,-265.4582731,-3648.398154,248.6042685,-267.4837647,-3663.191811,0.01149737069,9,1050,-11,R134aDet,1
24.02100428,248.6042685,-267.4837647,-3663.191811,249.3012911,-267.9583545,-3666.74633,0.001726725125,9,1050,-11,R134aDet,1
24.03319268,249.3012911,-267.9583545,-3666.74633,255.874934,-272.4348578,-3700,0.02311382311,9,1050,-11,R134aDet,1
24.03319268,249.3012911,-267.9583545,-3666.74633,249.2350615,-267.9513509,-3666.764849,0.004261436105,9,1084,11,R134aDet,1
24.02100428,248.6042685,-267.4837647,-3663.191811,248.6456054,-267.577526,-3663.178886,0.005342914532,9,1083,11,R134aDet,1
23.97029042,245.7585585,-265.4582731,-3648.398154,245.6762541,-265.4227533,-3648.42584,0.005062266666,9,1082,11,R134aDet,1
23.95739428,245.0230617,-264.9572412,-3644.636688,245.012175,-264.9421206,-3644.641645,0.002020855632,9,1081,11,R134aDet,1
23.90266707,241.9227247,-262.8460804,-3628.667925,241.9126497,-262.8397009,-3628.671181,0.001539023058,9,1080,11,R134aDet,1
23.76343956,234.1227741,-257.9692122,-3587.962776,234.0648577,-257.9282114,-3587.985553,0.0002747938121,9,1079,11,R134aDet,1
23.76490598,234.0648577,-257.9282114,-3587.985553,233.9840945,-257.8431141,-3588.010799,0.005812659499,9,1079,11,R134aDet,1
23.76490598,234.0648577,-257.9282114,-3587.985553,234.0675316,-257.9287372,-3587.996024,0.001417347164,9,1090,11,R134aDet,1
23.65653092,228.2454406,-253.7181386,-3556.750333,228.3811305,-253.2932839,-3556.846722,0.003221057059,9,1078,11,R134aDet,1
23.66234121,228.3811305,-253.2932839,-3556.846722,228.3676312,-253.1677081,-3557.090445,0.001612385492,9,1078,11,R134aDet,1
23.66650183,228.3676312,-253.1677081,-3557.090445,228.1486519,-253.2037868,-3557.287973,0.009620953116,9,1078,11,R134aDet,1
23.66650183,228.3676312,-253.1677081,-3557.090445,228.3757746,-253.1639144,-3557.100242,0.001609640657,9,1092,11,R134aDet,1
23.66234121,228.3811305,-253.2932839,-3556.846722,228.402653,-253.2794939,-3556.840969,0.00242562322,9,1091,11,R134aDet,1
23.6539166,228.1057874,-253.6146611,-3555.986276,228.108794,-253.5142247,-3556.006855,0.005322142343,9,1077,11,R134aDet,1
23.64075557,227.3832027,-253.0949441,-3552.143295,227.6403042,-253.1683544,-3552.110006,0.009116787355,9,1076,11,R134aDet,1
23.62878986,226.7097967,-252.6071166,-3548.654586,226.7109126,-252.5643638,-3548.66271,0.00326578266,9,1075,11,R134aDet,1
23.62404223,226.4428311,-252.4206758,-3547.269359,226.4328995,-252.4229864,-3547.27133,0.001381993574,9,1074,11,R134aDet,1
23.4318659,215.9105946,-244.6322078,-3491.175144,215.9210613,-244.6373172,-3491.173024,0.001498457292,9,1073,11,R134aDet,1
23.21633593,205.0963261,-235.5194867,-3428.13803,204.8224284,-235.4015704,-3428.235061,0.008223296019,9,1072,11,R134aDet,1
23.22169891,204.8224284,-235.4015704,-3428.235061,204.8374867,-235.4011204,-3428.239465,0.001783063516,9,1072,11,R134aDet,1
23.18436474,203.4887475,-234.2985142,-3418.770391,203.4763729,-234.2944137,-3418.773633,0.00162014342,9,1071,11,R134aDet,1
23.06155631,196.6072671,-229.0554721,-3382.99127,196.6015581,-229.0393846,-3382.995577,0.001912665937,9,1070,11,R134aDet,1
22.39070578,157.9703652,-200.2494909,-3187.791621,157.9845586,-200.2665073,-3187.787324,0.002220835128,9,1069,11,R134aDet,0
22.36630566,156.7686853,-199.0802933,-3180.672988,156.7908041,-199.0654895,-3180.673087,0.002448170152,9,1068,11,R134aDet,0
22.30761283,153.9514262,-196.2078067,-3163.547173,153.95037,-196.2406248,-3163.543415,0.002779740192,9,1067,11,R134aDet,0
22.05203145,141.4929428,-183.4678725,-3089.038106,141.4892214,-183.4496232,-3089.042813,0.002016470515,9,1066,11,R134aDet,0
21.83031393,132.0734383,-172.0778252,-3024.243594,132.0814003,-172.098289,-3024.240128,0.002200777231,9,1065,11,R134aDet,0
21.79596366,130.6163497,-170.4139352,-3014.188151,130.630988,-170.4178463,-3014.186087,0.001754753077,9,1064,11,R134aDet,0
21.46536044,116.2106444,-153.1817007,-2917.66685,116.3058078,-153.2684462,-2917.649034,0.006079229599,9,1063,11,R134aDet,0
21.29984677,109.2099429,-144.7333677,-2869.284003,109.2207174,-144.737328,-2869.282303,0.001480071,9,1062,11,R134aDet,0
21.27075821,108.0986636,-143.278955,-2860.759582,108.049456,-143.2142915,-2860.782579,0.004771541059,9,1061,11,R134aDet,0
21.2971267,251.9136834,279.2644528,-2800,269.1156144,303.3363375,-2857.334962,0.03458315387,9,1049,11,R134aDet,0
21.51245046,269.1156144,303.3363375,-2857.334962,301.4087034,353.8652569,-2971.046733,0.06953934037,9,1049,11,R134aDet,0
21.94141221,301.4087034,353.8652569,-2971.046733,313.9866722,372.8925516,-3015.245369,0.03077422098,9,1049,11,R134aDet,0
22.10741215,313.9866722,372.8925516,-3015.245369,330.0196393,396.7071781,-3069.405841,0.03093139308,9,1049,11,R134aDet,0
22.31199454,330.0196393,396.7071781,-3069.405841,353.181193,434.2986515,-3153.328898,0.05047637801,9,1049,11,R134aDet,0
22.62845501,353.181193,434.2986515,-3153.328898,362.8482234,448.7787334,-3186.124022,0.01608814354,9,1049,11,R134aDet,0
22.75240266,362.8482234,448.7787334,-3186.124022,366.7208656,454.6063567,-3199.271042,0.008914094205,9,1049,11,R134aDet,0
22.80212248,366.7208656,454.6063567,-3199.271042,366.9353736,454.9364984,-3200,3.182713975e-05,9,1049,11,R134aDet,0
23.18442016,396.4494992,500.2329578,-3300,406.0680873,515.4081373,-3335.753728,0.02459217445,9,1049,11,R134aDet,1
23.31799496,406.0680873,515.4081373,-3335.753728,407.3939275,530.7336884,-3369.045013,0.02081174329,9,1049,11,R134aDet,1
23.44041961,407.3939275,530.7336884,-3369.045013,408.7387991,544.1028763,-3399.348304,0.01898329479,9,1049,11,R134aDet,1
23.55107947,408.7387991,544.1028763,-3399.348304,409.3674668,548.9817328,-3410.540467,0.007036367005,9,1049,11,R134aDet,1
23.59189547,409.3674668,548.9817328,-3410.540467,411.7286999,566.5350992,-3449.71117,0.01594896329,9,1049,11,R134aDet,1
23.73540252,411.7286999,566.5350992,-3449.71117,411.8914167,567.6593401,-3452.210913,0.001662586899,9,1049,11,R134aDet,1
23.74456979,411.8914167,567.6593401,-3452.210913,414.886244,588.1307098,-3496.269742,0.02613213459,9,1049,11,R134aDet,1
23.90705496,414.886244,588.1307098,-3496.269742,417.3269489,600.9807273,-3525.662124,0.01873662066,9,1049,11,R134aDet,1
24.01445538,417.3269489,600.9807273,-3525.662124,419.2320184,609.9080392,-3543.636787,0.01314504548,9,1049,11,R134aDet,1
24.08175957,419.2320184,609.9080392,-3543.636787,421.3028842,617.3538426,-3558.938274,0.009953314529,9,1049,11,R134aDet,1
24.13899122,421.3028842,617.3538426,-3558.938274,423.9308603,627.7112052,-3582.653251,0.01588008004,9,1049,11,R134aDet,1
24.22582928,423.9308603,627.7112052,-3582.653251,424.6998587,630.91376,-3589.76862,0.005324927635,9,1049,11,R134aDet,1
24.25200706,424.6998587,630.91376,-3589.76862,429.0473036,651.1265161,-3632.76583,0.02320982854,9,1049,11,R134aDet,1
24.41127367,429.0473036,651.1265161,-3632.76583,429.1065223,651.4438508,-3633.40599,0.0001257945657,9,1049,11,R134aDet,1
24.41366742,429.1065223,651.4438508,-3633.40599,435.5851255,677.8073847,-3687.241541,0.02830622527,9,1049,11,R134aDet,1
24.61493268,435.5851255,677.8073847,-3687.241541,437.8140347,683.9983571,-3700,0.008159560432,9,1049,11,R134aDet,1
24.61493268,435.5851255,677.8073847,-3687.241541,435.6003725,677.7990277,-3687.243747,0.001907448811,9,1124,11,R134aDet,1
24.41366742,429.1065223,651.4438508,-3633.40599,428.9950038,651.4243094,-3633.436018,0.005734103352,9,1123,11,R134aDet,1
24.41127367,429.0473036,651.1265161,-3632.76583,429.0495686,651.1374404,-3632.760745,0.00153127444,9,1122,11,R134aDet,1
24.25200706,424.6998587,630.91376,-3589.76862,424.685857,630.90923,-3589.772901,0.001757174919,9,1121,11,R134aDet,1
24.22582928,423.9308603,627.7112052,-3582.653251,423.9394788,627.705411,-3582.655267,0.001397836978,9,1120,11,R134aDet,1
24.13899122,421.3028842,617.3538426,-3558.938274,421.300839,617.3410769,-3558.944863,0.001699071188,9,1119,11,R134aDet,1
24.08175957,419.2320184,609.9080392,-3543.636787,419.2500574,609.9104768,-3543.634246,0.001963274702,9,1118,11,R134aDet,1
24.01445538,417.3269489,600.9807273,-3525.662124,417.2736694,600.9612584,-3525.68069,0.003919533437,9,1117,11,R134aDet,1
23.90705496,414.886244,588.1307098,-3496.269742,414.8839935,588.1002948,-3496.285536,0.002843090882,9,1116,11,R134aDet,1
23.74456979,411.8914167,567.6593401,-3452.210913,411.7293628,567.6925738,-3452.222511,0.00696649928,9,1115,11,R134aDet,1
23.73540252,411.7286999,566.5350992,-3449.71117,411.7556191,566.5345961,-3449.71113,0.002464795283,9,1114,11,R134aDet,1
23.59189547,409.3674668,548.9817328,-3410.540467,409.2893585,548.9553113,-3410.562494,0.004800032379,9,1113,11,R134aDet,1
23.55107947,408.7387991,544.1028763,-3399.348304,404.1834121,547.224466,-3400.074735,0.006736417746,9,1112,11,R134aDet,1
23.58405373,404.1834121,547.224466,-3400.074735,397.6605684,551.9215615,-3405.152284,0.01268419749,9,1112,11,R134aDet,1
23.64222802,397.6605684,551.9215615,-3405.152284,394.6913602,556.4307648,-3401.993039,0.01031839016,9,1112,11,R134aDet,1
23.68260958,394.6913602,556.4307648,-3401.993039,394.4439302,556.3534498,-3401.553687,0.0002981853856,9,1112,11,R134aDet,1
23.6861287,394.4439302,556.3534498,-3401.553687,392.7752816,555.4962578,-3400.377687,0.003852975203,9,1112,11,R134aDet,1
23.70174736,392.7752816,555.4962578,-3400.377687,389.3092075,553.4945251,-3398.833458,0.008940790151,9,1112,11,R134aDet,1
23.73435292,389.3092075,553.4945251,-3398.833458,386.9812458,551.0510588,-3398.394083,0.01011196099,9,1112,11,R134aDet,1
23.76216376,386.9812458,551.0510588,-3398.394083,384.5815027,551.6760855,-3398.777229,0.007688027164,9,1112,11,R134aDet,1
23.78488623,384.5815027,551.6760855,-3398.777229,384.7836994,551.3460685,-3396.923006,0.008401812812,9,1112,11,R134aDet,1
23.8038517,384.7836994,551.3460685,-3396.923006,385.2702588,550.4560268,-3396.189138,0.009354483484,9,1112,11,R134aDet,1
23.81836763,385.2702588,550.4560268,-3396.189138,385.140349,550.6261799,-3395.757555,0.004605129373,9,1112,11,R134aDet,1
23.82557293,385.140349,550.6261799,-3395.757555,385.1636835,550.6498977,-3395.651049,0.001194500796,9,1112,11,R134aDet,1
23.82789033,385.1636835,550.6498977,-3395.651049,385.2230228,550.6723053,-3395.63467,0.004133337171,9,1112,11,R134aDet,1
23.82789033,385.1636835,550.6498977,-3395.651049,385.1594138,550.6589966,-3395.647929,0.001393320056,9,1134,11,R134aDet,1
23.82557293,385.140349,550.6261799,-3395.757555,385.124466,550.6320267,-3395.755316,0.001877190365,9,1133,11,R134aDet,1
23.70174736,392.7752816,555.4962578,-3400.377687,392.6773477,555.6469386,-3400.392377,0.005391064752,9,1132,11,R134aDet,1
23.7053252,392.6773477,555.6469386,-3400.392377,392.6845702,555.6434818,-3400.375445,0.001985806672,9,1132,11,R134aDet,1
23.6861287,394.4439302,556.3534498,-3401.553687,394.46041,556.3764963,-3401.512103,0.003552629159,9,1131,11,R134aDet,1
23.68260958,394.6913602,556.4307648,-3401.993039,394.7069151,556.4025468,-3401.98874,0.002752895682,9,1130,11,R134aDet,1
23.58405373,404.1834121,547.224466,-3400.074735,404.1926337,547.2447463,-3400.068424,0.002254760109,9,1129,11,R134aDet,1
23.44041961,407.3939275,530.7336884,-3369.045013,407.5225638,530.7725668,-3369.033266,0.006206690879,9,1111,11,R134aDet,1
23.31799496,406.0680873,515.4081373,-3335.753728,406.0579077,515.4092189,-3335.754089,0.001370260863,9,1110,11,R134aDet,1
22.80212248,366.7208656,454.6063567,-3199.271042,366.7322013,454.6115487,-3199.26594,0.001623014246,9,1109,11,R134aDet,0
22.75240266,362.8482234,448.7787334,-3186.124022,362.8375609,448.8165923,-3186.113199,0.003144277275,9,1108,11,R134aDet,0
22.31199454,330.0196393,396.7071781,-3069.405841,330.0164494,396.6981527,-3069.411229,0.001430718424,9,1106,11,R134aDet,0
22.10741215,313.9866722,372.8925516,-3015.245369,313.9643617,372.9018946,-3015.249065,0.00232967303,9,1105,11,R134aDet,0
21.94141221,301.4087034,353.8652569,-2971.046733,301.6950482,354.0707033,-2970.91911,0.004384798304,9,1104,11,R134aDet,0
21.94745815,301.6950482,354.0707033,-2970.91911,301.7604561,354.1315957,-2970.870302,0.005300481783,9,1104,11,R134aDet,0
21.94745815,301.6950482,354.0707033,-2970.91911,301.7007901,354.0738123,-2970.930605,0.001604214881,9,1135,11,R134aDet,0
21.51245046,269.1156144,303.3363375,-2857.334962,269.1244545,303.3479296,-2857.328049,0.001813442744,9,1103,11,R134aDet,0
25.44928908,109.891426,-1116.445278,-2800,123.5879088,-1121.662705,-2809.935312,0.009387841932,9,1167,11,R134aDet,0
25.51630675,123.5879088,-1121.662705,-2809.935312,132.906297,-1131.412669,-2818.087753,0.009546548176,9,1167,11,R134aDet,0
25.57619329,132.906297,-1131.412669,-2818.087753,140.1046778,-1146.772649,-2835.088852,0.01096251982,9,1167,11,R134aDet,0
25.6673469,140.1046778,-1146.772649,-2835.088852,138.5550326,-1149.86395,-2846.799296,0.007956610991,9,1167,11,R134aDet,0
25.71417055,138.5550326,-1149.86395,-2846.799296,138.4022987,-1153.331044,-2858.342504,0.00605810122,9,1167,11,R134aDet,0
25.76060354,138.4022987,-1153.331044,-2858.342504,135.8490441,-1161.67974,-2877.412819,0.01125281329,9,1167,11,R134aDet,0
25.84117759,135.8490441,-1161.67974,-2877.412819,134.1709376,-1164.608757,-2886.061073,0.005189485725,9,1167,11,R134aDet,0
25.87726286,134.1709376,-1164.608757,-2886.061073,131.8551409,-1166.258295,-2891.430027,0.003304775514,9,1167,11,R134aDet,0
25.90104116,131.8551409,-1166.258295,-2891.430027,111.3182115,-1199.392252,-2929.804303,0.0292761516,9,1167,11,R134aDet,0
26.10824479,111.3182115,-1199.392252,-2929.804303,107.281277,-1205.698134,-2932.828859,0.002095994251,9,1167,11,R134aDet,0
26.14034889,107.281277,-1205.698134,-2932.828859,74.07501033,-1232.201804,-2960.246085,0.02632459901,9,1167,11,R134aDet,0
26.33489796,74.07501033,-1232.201804,-2960.246085,73.54146781,-1232.558143,-2960.924451,0.0007189756576,9,1167,11,R134aDet,0
26.33869932,73.54146781,-1232.558143,-2960.924451,61.61753159,-1239.571783,-2971.536041,0.008237066657,9,1167,11,R134aDet,0
26.40876722,61.61753159,-1239.571783,-2971.536041,49.71540393,-1242.180126,-2979.408023,0.007286867973,9,1167,11,R134aDet,0
26.46754363,49.71540393,-1242.180126,-2979.408023,40.31955261,-1242.045272,-2991.775775,0.00992548225,9,1167,11,R134aDet,0
26.53071122,40.31955261,-1242.045272,-2991.775775,32.39178392,-1235.954404,-3022.293753,0.01669142388,9,1167,11,R134aDet,0
26.65986664,32.39178392,-1235.954404,-3022.293753,31.24387442,-1233.975177,-3028.10345,0.00194575912,9,1167,11,R134aDet,0
26.68600396,31.24387442,-1233.975177,-3028.10345,2.767255838,-1210.591707,-3058.510068,0.03659404697,9,1167,11,R134aDet,0
26.87675275,2.767255838,-1210.591707,-3058.510068,-22.54435773,-1188.818604,-3073.624884,0.02126630261,9,1167,11,R134aDet,0
27.02847654,-22.54435773,-1188.818604,-3073.624884,-37.00792788,-1156.64499,-3082.363016,0.02048471529,9,1167,11,R134aDet,0
27.18093339,-37.00792788,-1156.64499,-3082.363016,-42.17417544,-1123.189039,-3082.355263,0.0211051097,9,1167,11,R134aDet,0
27.32574703,-42.17417544,-1123.189039,-3082.355263,-36.816576,-1123.552959,-3071.786505,0.009518401773,9,1167,11,R134aDet,0
27.38064199,-36.816576,-1123.552959,-3071.786505,-22.76769975,-1131.015107,-3049.574309,0.02486956926,9,1167,11,R134aDet,0
27.51332844,-22.76769975,-1131.015107,-3049.574309,-21.79306604,-1130.636029,-3048.397297,0.001708851673,9,1167,11,R134aDet,0
27.52131632,-21.79306604,-1130.636029,-3048.397297,-19.64516894,-1121.730451,-3041.549205,0.01257116256,9,1167,11,R134aDet,0
27.58825208,-19.64516894,-1121.730451,-3041.549205,-17.54047702,-1113.954255,-3040.638306,0.01222978646,9,1167,11,R134aDet,0
27.63789725,-17.54047702,-1113.954255,-3040.638306,-17.44527631,-1113.101345,-3043.350951,0.003401507975,9,1167,11,R134aDet,0
27.65652117,-17.44527631,-1113.101345,-3043.350951,-18.6878131,-1112.362083,-3049.495708,0.009585055758,9,1167,11,R134aDet,0
27.69946355,-18.6878131,-1112.362083,-3049.495708,-18.54000663,-1112.376427,-3049.815926,0.0002326426597,9,1167,11,R134aDet,0
27.70200293,-18.54000663,-1112.376427,-3049.815926,-17.61306493,-1112.315518,-3051.517209,0.002435359118,9,1167,11,R134aDet,0
27.71596857,-17.61306493,-1112.315518,-3051.517209,-15.44340366,-1111.690012,-3054.956787,0.008343216593,9,1167,11,R134aDet,0
27.74637737,-15.44340366,-1111.690012,-3054.956787,-15.32987588,-1112.278436,-3058.298152,0.01097949717,9,1167,11,R134aDet,0
27.77414011,-15.32987588,-1112.278436,-3058.298152,-13.90310703,-1113.384398,-3058.424414,0.007605833926,9,1167,11,R134aDet,0
27.79071327,-13.90310703,-1113.384398,-3058.424414,-13.69633919,-1113.612366,-3058.327896,0.001614094068,9,1167,11,R134aDet,0
27.79410917,-13.69633919,-1113.612366,-3058.327896,-13.10370597,-1113.614437,-3057.754546,0.007431217288,9,1167,11,R134aDet,0
27.80501564,-13.10370597,-1113.614437,-3057.754546,-12.81459767,-1113.684351,-3057.773372,0.009637561125,9,1167,11,R134aDet,0
27.79410917,-13.69633919,-1113.612366,-3058.327896,-13.67486926,-1113.877027,-3058.346442,0.009071696912,9,1218,11,R134aDet,0
27.79071327,-13.90310703,-1113.384398,-3058.424414,-13.88476012,-1113.372743,-3058.435557,0.002327265412,9,1217,11,R134aDet,0
27.74637737,-15.44340366,-1111.690012,-3054.956787,-15.47761403,-1111.761723,-3054.946486,0.003341118214,9,1216,11,R134aDet,0
27.7483756,-15.47761403,-1111.761723,-3054.946486,-15.48048627,-1111.759515,-3054.955055,0.00129118932,9,1216,11,R134aDet,0
27.71596857,-17.61306493,-1112.315518,-3051.517209,-17.62232578,-1112.314782,-3051.523034,0.00142912292,9,1215,11,R134aDet,0
27.65652117,-17.44527631,-1113.101345,-3043.350951,-17.41449371,-1113.0424,-3043.351225,0.004168734509,9,1214,11,R134aDet,0
27.63789725,-17.54047702,-1113.954255,-3040.638306,-17.50790502,-1113.928544,-3040.629761,0.003214548798,9,1213,11,R134aDet,0
27.52131632,-21.79306604,-1130.636029,-3048.397297,-19.50934365,-1132.733462,-3045.918932,0.01255456749,9,1212,11,R134aDet,0
27.55221118,-19.50934365,-1132.733462,-3045.918932,-18.85162729,-1134.51551,-3043.868159,0.01552470628,9,1212,11,R134aDet,0
27.57659777,-18.85162729,-1134.51551,-3043.868159,-19.11626955,-1135.07595,-3042.444884,0.007334228832,9,1212,11,R134aDet,0
27.59329631,-19.11626955,-1135.07595,-3042.444884,-18.26053124,-1134.581018,-3042.418875,0.008496021739,9,1212,11,R134aDet,0
27.60567764,-18.26053124,-1134.581018,-3042.418875,-17.95563341,-1134.467521,-3042.268735,0.01066528343,9,1212,11,R134aDet,0
27.38064199,-36.816576,-1123.552959,-3071.786505,-36.83792733,-1123.543165,-3071.768989,0.002590386864,9,1211,11,R134aDet,0
27.32574703,-42.17417544,-1123.189039,-3082.355263,-42.19710785,-1123.208879,-3082.33422,0.002965590108,9,1210,11,R134aDet,0
27.18093339,-37.00792788,-1156.64499,-3082.363016,-36.98670208,-1156.653487,-3082.390435,0.002908301695,9,1209,11,R134aDet,0
27.02847654,-22.54435773,-1188.818604,-3073.624884,-22.55342157,-1188.829245,-3073.628947,0.001702370872,9,1208,11,R134aDet,0
26.87675275,2.767255838,-1210.591707,-3058.510068,2.778161847,-1210.578573,-3058.503248,0.001963548314,9,1207,11,R134aDet,0
26.68600396,31.24387442,-1233.975177,-3028.10345,31.3860903,-1234.178699,-3028.283591,0.004930863945,9,1206,11,R134aDet,0
26.69128629,31.3860903,-1234.178699,-3028.283591,31.37217302,-1234.212741,-3028.304433,0.003210314508,9,1206,11,R134aDet,0
26.69128629,31.3860903,-1234.178699,-3028.283591,31.39630506,-1234.176454,-3028.294148,0.001724142393,9,1219,11,R134aDet,0
26.65986664,32.39178392,-1235.954404,-3022.293753,32.38571527,-1235.963504,-3022.296881,0.001462004298,9,1205,11,R134aDet,0
26.53071122,40.31955261,-1242.045272,-2991.775775,40.33000062,-1242.084302,-2991.799947,0.001134093763,9,1204,11,R134aDet,0
26.53205592,40.33000062,-1242.084302,-2991.799947,40.32135569,-1242.061963,-2991.791205,0.002387108344,9,1204,11,R134aDet,0
26.46754363,49.71540393,-1242.180126,-2979.408023,49.70764284,-1242.177276,-2979.401166,0.001411074686,9,1203,11,R134aDet,0
26.40876722,61.61753159,-1239.571783,-2971.536041,61.63427982,-1239.579182,-2971.5564,0.002489346994,9,1202,11,R134aDet,0
26.33869932,73.54146781,-1232.558143,-2960.924451,73.55022617,-1232.577135,-2960.924791,0.002122222156,9,1201,11,R134aDet,0
26.33489796,74.07501033,-1232.201804,-2960.246085,74.0691804,-1232.246634,-2960.222569,0.003578667085,9,1200,11,R134aDet,0
26.14034889,107.281277,-1205.698134,-2932.828859,107.3087106,-1205.676336,-2932.889284,0.004286701948,9,1199,11,R134aDet,0
26.10824479,111.3182115,-1199.392252,-2929.804303,111.419197,-1199.40425,-2929.928114,0.006833934789,9,1198,11,R134aDet,0
25.90104116,131.8551409,-1166.258295,-2891.430027,131.8507564,-1166.249079,-2891.432016,0.001383018179,9,1197,11,R134aDet,0
25.87726286,134.1709376,-1164.608757,-2886.061073,134.2336768,-1164.804154,-2886.037932,0.007870764665,9,1196,11,R134aDet,0
25.84117759,135.8490441,-1161.67974,-2877.412819,135.836069,-1161.694033,-2877.404138,0.002137335784,9,1195,11,R134aDet,0
25.76060354,138.4022987,-1153.331044,-2858.342504,138.4116527,-1153.320151,-2858.346611,0.001729430877,9,1194,11,R134aDet,0
25.71417055,138.5550326,-1149.86395,-2846.799296,138.4347308,-1149.880144,-2846.793686,0.005878899717,9,1193,11,R134aDet,0
25.6673469,140.1046778,-1146.772649,-2835.088852,140.1147963,-1146.786436,-2835.08688,0.00188671975,9,1192,11,R134aDet,0
25.57619329,132.906297,-1131.412669,-2818.087753,132.9179331,-1131.414779,-2818.079079,0.001710212376,9,1191,11,R134aDet,0
25.51630675,123.5879088,-1121.662705,-2809.935312,123.596578,-1121.655789,-2809.931309,0.001494690067,9,1190,11,R134aDet,0
