# eventID  Edep_gas_total[MeV]  Nsteps_in_gas  Ntracks_in_gas
12 0.9377152748 130 58

t0[ns],x0[mm],y0[mm],z0[mm],x1[mm],y1[mm],z1[mm],Edep[MeV],event_id,track_id,pdg,volume_name,volume_copyNo
21.01493665,-1.009110872,5.881993611,-2800,-1.007278114,5.881371975,-2800.761533,0.0001402109045,12,1,13,R134aDet,0
21.01747691,-1.007278114,5.881371975,-2800.761533,-0.9830954982,5.873201359,-2810.803198,0.006264956828,12,1,13,R134aDet,0
21.05097299,-0.9830954982,5.873201359,-2810.803198,-0.916225123,5.850580672,-2838.586847,0.01884536755,12,1,13,R134aDet,0
21.1436512,-0.916225123,5.850580672,-2838.586847,-0.8706538943,5.835435073,-2857.462617,0.0120006445,12,1,13,R134aDet,0
21.20661531,-0.8706538943,5.835435073,-2857.462617,-0.7468696108,5.794575185,-2908.725145,0.03142795591,12,1,13,R134aDet,0
21.37761226,-0.7468696108,5.794575185,-2908.725145,-0.6648177972,5.765888801,-2942.903509,0.0254193936,12,1,13,R134aDet,0
21.49162139,-0.6648177972,5.765888801,-2942.903509,-0.6142741987,5.748205851,-2964.0365,0.0158043563,12,1,13,R134aDet,0
21.56211493,-0.6142741987,5.748205851,-2964.0365,-0.582890683,5.737192204,-2977.185732,0.006426184876,12,1,13,R134aDet,0
21.60597697,-0.582890683,5.737192204,-2977.185732,-0.5433599783,5.723116263,-2993.685745,0.0112264752,12,1,13,R134aDet,0
21.66101624,-0.5433599783,5.723116263,-2993.685745,-0.417846988,5.679009638,-3045.98577,0.03608756768,12,1,13,R134aDet,0
21.83547398,-0.417846988,5.679009638,-3045.98577,-0.4066903944,5.675090248,-3050.622035,0.002468801496,12,1,13,R134aDet,0
21.85093922,-0.4066903944,5.675090248,-3050.622035,-0.3971107499,5.671730264,-3054.607572,0.001827821874,12,1,13,R134aDet,0
21.86423382,-0.3971107499,5.671730264,-3054.607572,-0.2810237736,5.630920205,-3102.9599,0.03382269246,12,1,13,R134aDet,0
22.02552319,-0.2810237736,5.630920205,-3102.9599,-0.2802802128,5.630655102,-3103.270827,0.001708081783,12,1,13,R134aDet,0
22.02656035,-0.2802802128,5.630655102,-3103.270827,-0.2687614927,5.626544695,-3108.084451,0.004034268487,12,1,13,R134aDet,0
22.04261721,-0.2687614927,5.626544695,-3108.084451,-0.1480995336,5.58356203,-3158.472187,0.03045479258,12,1,13,R134aDet,0
22.21069611,-0.1480995336,5.58356203,-3158.472187,-0.07159441644,5.555308027,-3190.54896,0.01941268808,12,1,13,R134aDet,0
22.31769494,-0.07159441644,5.555308027,-3190.54896,-0.0490908438,5.546739628,-3200,0.008179289922,12,1,13,R134aDet,0
22.68279194,0.1892302838,5.45632295,-3300,0.2864577674,5.419306401,-3340.866164,0.02327802966,12,1,13,R134aDet,1
22.81910963,0.2864577674,5.419306401,-3340.866164,0.3274136459,5.403872513,-3358.085751,0.01233146011,12,1,13,R134aDet,1
22.87654919,0.3274136459,5.403872513,-3358.085751,0.3474530092,5.396260204,-3366.516421,0.006054788664,12,1,13,R134aDet,1
22.90467146,0.3474530092,5.396260204,-3366.516421,0.4693809398,5.349989407,-3417.884644,0.02849266163,12,1,13,R134aDet,1
23.07602099,0.4693809398,5.349989407,-3417.884644,0.4785056789,5.346573669,-3421.723189,0.002341273415,12,1,13,R134aDet,1
23.08882526,0.4785056789,5.346573669,-3421.723189,0.6046892112,5.299756325,-3474.860844,0.03434058477,12,1,13,R134aDet,1
23.2660771,0.6046892112,5.299756325,-3474.860844,0.6505981972,5.282512289,-3494.068504,0.009748032042,12,1,13,R134aDet,1
23.33014829,0.6505981972,5.282512289,-3494.068504,0.6740313572,5.27374993,-3503.870607,0.004880477932,12,1,13,R134aDet,1
23.36284527,0.6740313572,5.27374993,-3503.870607,0.7771714739,5.235701985,-3546.959185,0.02542850579,12,1,13,R134aDet,1
23.5065763,0.7771714739,5.235701985,-3546.959185,0.7778478201,5.235450859,-3547.242371,0.0002520805799,12,1,13,R134aDet,1
23.50752093,0.7778478201,5.235450859,-3547.242371,0.9155891285,5.184454505,-3604.936868,0.03515698191,12,1,13,R134aDet,1
23.69997307,0.9155891285,5.184454505,-3604.936868,0.9281672933,5.179781207,-3610.202189,0.001681334713,12,1,13,R134aDet,1
23.71753666,0.9281672933,5.179781207,-3610.202189,0.9386623229,5.175861299,-3614.590323,0.00177068024,12,1,13,R134aDet,1
23.7321742,0.9386623229,5.175861299,-3614.590323,1.124401612,5.106085236,-3692.235668,0.04737192258,12,1,13,R134aDet,1
23.99117661,1.124401612,5.106085236,-3692.235668,1.143169124,5.099028602,-3700,0.005103080785,12,1,13,R134aDet,1
23.99117661,1.124401612,5.106085236,-3692.235668,1.113730057,5.112478147,-3692.236184,0.001545868126,12,179,11,R134aDet,1
23.7321742,0.9386623229,5.175861299,-3614.590323,0.9224151555,5.419685423,-3614.614399,0.002840391625,12,178,11,R134aDet,1
23.73643587,0.9224151555,5.419685423,-3614.614399,1.012231361,5.452324172,-3614.657404,0.005386703165,12,178,11,R134aDet,1
23.73643587,0.9224151555,5.419685423,-3614.614399,0.9205706588,5.430359251,-3614.610229,0.001480288604,12,181,11,R134aDet,1
23.71753666,0.9281672933,5.179781207,-3610.202189,0.8968347751,5.215459008,-3610.205525,0.0009718538066,12,177,11,R134aDet,1
23.718712,0.8968347751,5.215459008,-3610.205525,0.8941241452,5.230126749,-3610.195815,0.001925371812,12,177,11,R134aDet,1
23.718712,0.8968347751,5.215459008,-3610.205525,0.898610938,5.224698933,-3610.218932,0.001830238509,12,182,11,R134aDet,1
23.69997307,0.9155891285,5.184454505,-3604.936868,0.9206820709,5.19400352,-3604.937268,0.001418191633,12,176,11,R134aDet,1
23.50752093,0.7778478201,5.235450859,-3547.242371,0.7882518492,5.202850542,-3547.24412,0.002839201754,12,175,11,R134aDet,1
23.5065763,0.7771714739,5.235701985,-3546.959185,0.7669768269,5.244424134,-3546.959751,0.001619785003,12,174,11,R134aDet,1
23.36284527,0.6740313572,5.27374993,-3503.870607,0.6711540503,5.262711145,-3503.871036,0.001465137646,12,173,11,R134aDet,1
23.33014829,0.6505981972,5.282512289,-3494.068504,0.6566035107,5.311334206,-3494.07,0.002599557226,12,172,11,R134aDet,1
23.2660771,0.6046892112,5.299756325,-3474.860844,0.6277866128,5.295544251,-3474.861893,0.002274727968,12,171,11,R134aDet,1
23.08882526,0.4785056789,5.346573669,-3421.723189,0.8481408668,4.187103893,-3421.909643,0.005749596547,12,170,11,R134aDet,1
23.10256104,0.8481408668,4.187103893,-3421.909643,0.4305853478,3.930158055,-3422.411701,0.01129365565,12,170,11,R134aDet,1
23.11227935,0.4305853478,3.930158055,-3422.411701,0.4363979824,3.992137794,-3422.437955,0.004206440453,12,170,11,R134aDet,1
23.10256104,0.8481408668,4.187103893,-3421.909643,0.8822171861,4.180768113,-3421.935155,0.00324408387,12,183,11,R134aDet,1
23.07602099,0.4693809398,5.349989407,-3417.884644,0.4850625017,5.276327221,-3417.889526,0.004478607141,12,169,11,R134aDet,1
22.90467146,0.3474530092,5.396260204,-3366.516421,0.3437119657,5.381950708,-3366.517023,0.001720036486,12,168,11,R134aDet,1
22.87654919,0.3274136459,5.403872513,-3358.085751,0.3531089831,5.413759353,-3358.08706,0.002499017306,12,167,11,R134aDet,1
22.81910963,0.2864577674,5.419306401,-3340.866164,0.09811718241,4.975376274,-3340.952636,0.0009142765964,12,166,11,R134aDet,1
22.82388585,0.09811718241,4.975376274,-3340.952636,-0.3784241106,3.279098069,-3341.476313,0.006837602706,12,166,11,R134aDet,1
22.84249116,-0.3784241106,3.279098069,-3341.476313,-0.7591599665,2.048905694,-3341.20432,0.009238466867,12,166,11,R134aDet,1
22.857493,-0.7591599665,2.048905694,-3341.20432,-0.4000955215,2.119371195,-3340.755057,0.009767261373,12,166,11,R134aDet,1
22.86587326,-0.4000955215,2.119371195,-3340.755057,-0.3830486131,2.144873279,-3340.734111,0.002976587767,12,166,11,R134aDet,1
22.86587326,-0.4000955215,2.119371195,-3340.755057,-0.4053249974,2.127199959,-3340.760294,0.001413638828,12,185,11,R134aDet,1
22.82388585,0.09811718241,4.975376274,-3340.952636,0.08481589512,4.977663619,-3340.948282,0.001675204661,12,184,11,R134aDet,1
22.31769494,-0.07159441644,5.555308027,-3190.54896,-0.06908517129,5.580496004,-3190.550198,0.002378488064,12,164,11,R134aDet,0
22.21069611,-0.1480995336,5.58356203,-3158.472187,-0.1065619135,5.567739294,-3158.475689,0.0007915395235,12,163,11,R134aDet,0
22.21161932,-0.1065619135,5.567739294,-3158.475689,-0.07101490258,5.58040929,-3158.478986,0.003011015255,12,163,11,R134aDet,0
22.21161932,-0.1065619135,5.567739294,-3158.475689,-0.09479353367,5.533432116,-3158.481876,0.002960102263,12,187,11,R134aDet,0
22.04261721,-0.2687614927,5.626544695,-3108.084451,-0.2773805874,5.616088529,-3108.085003,0.001629691818,12,162,11,R134aDet,0
22.02656035,-0.2802802128,5.630655102,-3103.270827,-0.2665265227,5.65346394,-3103.272118,0.002450877486,12,161,11,R134aDet,0
22.02552319,-0.2810237736,5.630920205,-3102.9599,0.4624581278,6.013639548,-3103.075827,0.006664249933,12,160,11,R134aDet,0
22.03584525,0.4624581278,6.013639548,-3103.075827,0.5688603767,5.763054921,-3102.7279,0.01091595397,12,160,11,R134aDet,0
22.04277346,0.5688603767,5.763054921,-3102.7279,0.5725760613,5.758433061,-3102.730978,0.001050419063,12,160,11,R134aDet,0
22.03584525,0.4624581278,6.013639548,-3103.075827,0.4507515576,6.011951753,-3103.073399,0.001516820904,12,188,11,R134aDet,0
21.86423382,-0.3971107499,5.671730264,-3054.607572,-0.3883086301,5.677340037,-3054.60794,0.001386801721,12,159,11,R134aDet,0
21.85093922,-0.4066903944,5.675090248,-3050.622035,-0.379538508,5.654688235,-3050.623738,0.002826581626,12,158,11,R134aDet,0
21.83547398,-0.417846988,5.679009638,-3045.98577,-0.384348602,5.702305618,-3045.987973,0.003147351946,12,157,11,R134aDet,0
21.66101624,-0.5433599783,5.723116263,-2993.685745,-0.5696178206,5.68700385,-2993.688322,0.003317582096,12,156,11,R134aDet,0
21.60597697,-0.582890683,5.737192204,-2977.185732,-0.6200053539,5.777581159,-2977.189173,0.003738296916,12,155,11,R134aDet,0
21.56213246,-0.6138959049,5.748707258,-2964.036537,-0.6115976626,5.762898121,-2964.027149,0.001883689236,12,154,11,R134aDet,0
21.56213246,-0.6138959049,5.748707258,-2964.036537,-0.6017305012,5.753233734,-2964.046304,0.001821017622,12,189,11,R134aDet,0
21.49162139,-0.6648177972,5.765888801,-2942.903509,-0.6531894675,5.740379899,-2942.904853,0.002525736318,12,153,11,R134aDet,0
21.37761226,-0.7468696108,5.794575185,-2908.725145,1.600494618,10.43266586,-2911.163889,0.004426202193,12,152,11,R134aDet,0
21.4025521,1.600494618,10.43266586,-2911.163889,3.203055589,15.58274383,-2913.789449,0.003751447922,12,152,11,R134aDet,0
21.42878383,3.203055589,15.58274383,-2913.789449,3.962598911,35.78516031,-2928.091924,0.01611605646,12,152,11,R134aDet,0
21.53425448,3.962598911,35.78516031,-2928.091924,4.067807575,38.05370711,-2930.236813,0.002335789567,12,152,11,R134aDet,0
21.54830879,4.067807575,38.05370711,-2930.236813,2.880179448,41.98806797,-2935.389038,0.006075320332,12,152,11,R134aDet,0
21.57789872,2.880179448,41.98806797,-2935.389038,0.7308985093,51.28528126,-2947.767314,0.01225864561,12,152,11,R134aDet,0
21.64737969,0.7308985093,51.28528126,-2947.767314,-3.48417372,53.20184953,-2949.040299,0.001659267434,12,152,11,R134aDet,0
21.67197196,-3.48417372,53.20184953,-2949.040299,-7.150812047,54.31892289,-2948.920859,0.003560048058,12,152,11,R134aDet,0
21.69178893,-7.150812047,54.31892289,-2948.920859,-18.71200185,60.73174908,-2949.903667,0.01758469942,12,152,11,R134aDet,0
21.76110623,-18.71200185,60.73174908,-2949.903667,-24.41737756,53.67202216,-2960.970187,0.0189403515,12,152,11,R134aDet,0
21.84065663,-24.41737756,53.67202216,-2960.970187,-20.73724308,43.82149473,-2964.569132,0.01329040924,12,152,11,R134aDet,0
21.90614346,-20.73724308,43.82149473,-2964.569132,-17.89505787,38.18184653,-2960.166818,0.009102835104,12,152,11,R134aDet,0
21.95379563,-17.89505787,38.18184653,-2960.166818,-17.51307543,37.21649865,-2959.747845,0.001597396846,12,152,11,R134aDet,0
21.96100101,-17.51307543,37.21649865,-2959.747845,-16.79566549,35.13725619,-2959.328094,0.002593293396,12,152,11,R134aDet,0
21.97563442,-16.79566549,35.13725619,-2959.328094,-16.17500711,29.39290702,-2955.388265,0.01065781661,12,152,11,R134aDet,0
22.02191604,-16.17500711,29.39290702,-2955.388265,-18.81427648,25.89603445,-2951.80146,0.01247635559,12,152,11,R134aDet,0
22.06160781,-18.81427648,25.89603445,-2951.80146,-20.93642566,22.42451878,-2951.604461,0.008150573133,12,152,11,R134aDet,0
22.09261047,-20.93642566,22.42451878,-2951.604461,-21.20488482,22.33499188,-2951.483795,0.0001895357416,12,152,11,R134aDet,0
22.09514414,-21.20488482,22.33499188,-2951.483795,-23.02404381,22.23203927,-2950.447962,0.003856886742,12,152,11,R134aDet,0
22.11319592,-23.02404381,22.23203927,-2950.447962,-23.61570826,21.06937078,-2949.487501,0.007786097543,12,152,11,R134aDet,0
22.12838742,-23.61570826,21.06937078,-2949.487501,-24.79802676,20.60572627,-2949.99272,0.006990984996,12,152,11,R134aDet,0
22.14316152,-24.79802676,20.60572627,-2949.99272,-25.5257393,20.2972612,-2949.972535,0.009424653578,12,152,11,R134aDet,0
22.15374744,-25.5257393,20.2972612,-2949.972535,-25.42385213,20.23426616,-2949.842945,0.007212274184,12,152,11,R134aDet,0
22.14316152,-24.79802676,20.60572627,-2949.99272,-24.78685287,20.57873784,-2949.995008,0.002590272457,12,204,11,R134aDet,0
22.12838742,-23.61570826,21.06937078,-2949.487501,-23.62334681,21.08011181,-2949.479754,0.001754546164,12,203,11,R134aDet,0
22.11319592,-23.02404381,22.23203927,-2950.447962,-23.00197806,22.25461439,-2950.406072,0.003638999839,12,202,11,R134aDet,0
22.09514414,-21.20488482,22.33499188,-2951.483795,-21.22581024,22.2760261,-2951.524403,0.004449039063,12,201,11,R134aDet,0
22.09261047,-20.93642566,22.42451878,-2951.604461,-20.93498786,22.41402695,-2951.608813,0.001467787611,12,200,11,R134aDet,0
21.96100101,-17.51307543,37.21649865,-2959.747845,-17.51306155,37.21914154,-2959.733939,0.001673257949,12,199,11,R134aDet,0
21.76110623,-18.71200185,60.73174908,-2949.903667,-18.73640267,60.87926347,-2949.99142,0.007141285978,12,198,11,R134aDet,0
21.69178893,-7.150812047,54.31892289,-2948.920859,-7.142727059,54.33452526,-2948.917918,0.001926619318,12,197,11,R134aDet,0
21.67197196,-3.48417372,53.20184953,-2949.040299,-3.489228651,53.1905247,-2949.070009,0.002737378505,12,196,11,R134aDet,0
21.64737969,0.7308985093,51.28528126,-2947.767314,2.048753692,55.48846588,-2947.251213,0.009141061206,12,195,11,R134aDet,0
21.68075097,2.048753692,55.48846588,-2947.251213,3.671858776,58.47310448,-2948.151952,0.00718576844,12,195,11,R134aDet,0
21.7091759,3.671858776,58.47310448,-2948.151952,5.581115904,60.32504073,-2949.199924,0.007438115391,12,195,11,R134aDet,0
21.73392684,5.581115904,60.32504073,-2949.199924,5.364590161,61.00785171,-2948.309998,0.003748951021,12,195,11,R134aDet,0
21.74470069,5.364590161,61.00785171,-2948.309998,4.63820163,61.83969294,-2947.216515,0.005415782089,12,195,11,R134aDet,0
21.76051369,4.63820163,61.83969294,-2947.216515,4.685239818,63.05351476,-2947.474872,0.01008614963,12,195,11,R134aDet,0
21.77495215,4.685239818,63.05351476,-2947.474872,4.447695598,62.81461653,-2947.659507,0.004476518474,12,195,11,R134aDet,0
21.78088816,4.447695598,62.81461653,-2947.659507,4.372508385,62.79591676,-2947.622338,0.00481851108,12,195,11,R134aDet,0
21.78088816,4.447695598,62.81461653,-2947.659507,4.462891527,62.82192451,-2947.624759,0.003045391091,12,207,11,R134aDet,0
21.76051369,4.63820163,61.83969294,-2947.216515,4.630207289,61.84387076,-2947.198964,0.002049336613,12,206,11,R134aDet,0
21.74470069,5.364590161,61.00785171,-2948.309998,5.372454392,61.01915035,-2948.313232,0.001672258948,12,205,11,R134aDet,0
21.57789872,2.880179448,41.98806797,-2935.389038,2.887051178,41.97413029,-2935.396666,0.001893122822,12,194,11,R134aDet,0
21.54830879,4.067807575,38.05370711,-2930.236813,4.065393633,38.06266225,-2930.230212,0.001462604114,12,193,11,R134aDet,0
21.53425448,3.962598911,35.78516031,-2928.091924,3.969872252,35.77307942,-2928.107664,0.002135325428,12,192,11,R134aDet,0
21.42878383,3.203055589,15.58274383,-2913.789449,3.216062609,15.57292321,-2913.803973,0.002177148485,12,191,11,R134aDet,0
21.4025521,1.600494618,10.43266586,-2911.163889,1.639642381,10.43899191,-2911.131229,0.003595537825,12,190,11,R134aDet,0
21.20661531,-0.8706538943,5.835435073,-2857.462617,-0.8887906069,5.835989114,-2857.463454,0.0019493265,12,151,11,R134aDet,0
21.1436512,-0.916225123,5.850580672,-2838.586847,-0.9063242104,5.848158665,-2838.587193,0.001366582489,12,150,11,R134aDet,0
21.05097299,-0.9830954982,5.873201359,-2810.803198,-0.9711560759,5.877752343,-2810.803674,0.001571487145,12,149,11,R134aDet,0
21.01747691,-1.007278114,5.881371975,-2800.761533,-1.026020825,5.847337766,-2800.763677,0.003058714228,12,148,11,R134aDet,0
