# eventID  Edep_gas_total[MeV]  Nsteps_in_gas  Ntracks_in_gas
96 1.26634049 106 50

t0[ns],x0[mm],y0[mm],z0[mm],x1[mm],y1[mm],z1[mm],Edep[MeV],event_id,track_id,pdg,volume_name,volume_copyNo
21.01629658,-36.05436657,14.45517827,-2800,-36.37998184,14.56631065,-2812.412453,0.007180981021,96,1,13,R134aDet,0
21.05771673,-36.37998184,14.56631065,-2812.412453,-36.54537139,14.62272837,-2818.716771,0.004275941339,96,1,13,R134aDet,0
21.07875413,-36.54537139,14.62272837,-2818.716771,-37.15148335,14.8295292,-2841.820878,0.01240740715,96,1,13,R134aDet,0
21.15585216,-37.15148335,14.8295292,-2841.820878,-37.3752183,14.90589997,-2850.348549,0.005289753275,96,1,13,R134aDet,0
21.18430886,-37.3752183,14.90589997,-2850.348549,-37.93590228,15.09732322,-2871.718249,0.01569485503,96,1,13,R134aDet,0
21.25561921,-37.93590228,15.09732322,-2871.718249,-38.62924394,15.33406608,-2898.13547,0.01774509985,96,1,13,R134aDet,0
21.34377308,-38.62924394,15.33406608,-2898.13547,-41.20086545,16.21265797,-2996.120619,0.05715395287,96,1,13,R134aDet,0
21.67117827,-41.20424633,16.21381469,-2996.249538,-44.34889031,17.28963426,-3116.17038,0.07886990607,96,1,13,R134aDet,0
22.07135211,-44.34889031,17.28963426,-3116.17038,-46.54989204,18.0403732,-3200,0.05731451417,96,1,13,R134aDet,0
22.68478892,-49.17583329,18.93461052,-3300,-49.2182119,18.94905329,-3301.614813,0.0006999941218,96,1,13,R134aDet,1
22.69017752,-49.2182119,18.94905329,-3301.614813,-50.32503482,19.32644317,-3343.80388,0.02928737082,96,1,13,R134aDet,1
22.83096175,-50.32503482,19.32644317,-3343.80388,-50.70019302,19.4540044,-3358.100541,0.008349252739,96,1,13,R134aDet,1
22.87866947,-50.70019302,19.4540044,-3358.100541,-52.18288188,19.95769131,-3414.571465,0.03359181735,96,1,13,R134aDet,1
23.06711208,-52.18288188,19.95769131,-3414.571465,-56.34989898,21.37431892,-3573.346009,0.1034030898,96,1,13,R134aDet,1
23.59694015,-56.34989898,21.37431892,-3573.346009,-59.03029781,22.28620591,-3675.398869,0.06002699442,96,1,13,R134aDet,1
23.93748911,-59.03029781,22.28620591,-3675.398869,-59.67638413,22.50626551,-3700,0.01108056845,96,1,13,R134aDet,1
23.93748911,-59.03029781,22.28620591,-3675.398869,-59.005279,22.10822413,-3675.416336,0.007305202631,96,187,11,R134aDet,1
23.59694015,-56.34989898,21.37431892,-3573.346009,-56.35959652,21.30270177,-3573.351127,0.004376415614,96,186,11,R134aDet,1
23.06711208,-52.18288188,19.95769131,-3414.571465,-52.18002832,19.94541957,-3414.572142,0.001558627785,96,185,11,R134aDet,1
22.87866947,-50.70019302,19.4540044,-3358.100541,-50.68628293,19.44398801,-3358.101733,0.001884563065,96,184,11,R134aDet,1
22.83096175,-50.32503482,19.32644317,-3343.80388,-50.32619945,19.33834312,-3343.804203,0.001508023334,96,183,11,R134aDet,1
22.69017752,-49.2182119,18.94905329,-3301.614813,-49.49846437,18.8944482,-3301.637905,0.00272938939,96,182,11,R134aDet,1
22.69479772,-49.49846437,18.8944482,-3301.637905,-49.52071847,18.89379519,-3301.632523,0.0002415759705,96,182,11,R134aDet,1
22.6953396,-49.52071847,18.89379519,-3301.632523,-49.5566247,18.9032965,-3301.60362,0.003417434193,96,182,11,R134aDet,1
22.6953396,-49.52071847,18.89379519,-3301.632523,-49.5265997,18.88443104,-3301.636709,0.001497269467,96,191,11,R134aDet,1
22.69479772,-49.49846437,18.8944482,-3301.637905,-49.48931815,18.91483436,-3301.596796,0.003405844833,96,190,11,R134aDet,1
22.07135211,-44.34889031,17.28963426,-3116.17038,-44.31620346,17.29432964,-3116.172923,0.002783223561,96,180,11,R134aDet,0
21.67117827,-41.20424633,16.21381469,-2996.249538,-41.22007035,16.22397101,-2996.249861,0.001990699761,96,179,11,R134aDet,0
21.67074807,-41.20086545,16.21265797,-2996.120619,-41.21078199,16.20911852,-2996.12078,0.00139386234,96,178,11,R134aDet,0
21.34377308,-38.62924394,15.33406608,-2898.13547,-38.64349506,15.35698367,-2898.136216,0.002468758258,96,177,11,R134aDet,0
21.25561921,-37.93590228,15.09732322,-2871.718249,-37.92410117,15.09496972,-2871.719044,0.001515693875,96,176,11,R134aDet,0
21.18430886,-37.3752183,14.90589997,-2850.348549,-37.36558972,14.88822117,-2850.349869,0.002076722596,96,175,11,R134aDet,0
21.15585216,-37.15148335,14.8295292,-2841.820878,-37.1143647,14.80406483,-2841.824658,0.003336901217,96,174,11,R134aDet,0
21.07875413,-36.54537139,14.62272837,-2818.716771,-36.56018814,14.61046105,-2818.717347,0.002018616683,96,173,11,R134aDet,0
21.05771673,-36.37998184,14.56631065,-2812.412453,-36.37112065,14.56138858,-2812.4131,0.00136313347,96,172,11,R134aDet,0
21.22539862,81.72975101,314.6217347,-2800,83.2741283,319.0806791,-2812.610147,0.009574452589,96,162,11,R134aDet,0
21.27033479,83.2741283,319.0806791,-2812.610147,86.04753373,329.6619701,-2841.683558,0.01927348988,96,162,11,R134aDet,0
21.3740029,86.04753373,329.6619701,-2841.683558,86.80122714,332.9589947,-2850.867456,0.005662976738,96,162,11,R134aDet,0
21.40666661,86.80122714,332.9589947,-2850.867456,96.15972402,395.5810357,-3014.60068,0.09412462903,96,162,11,R134aDet,0
21.99233427,96.15972402,395.5810357,-3014.60068,96.50279785,397.3060364,-3019.083248,0.002643092686,96,162,11,R134aDet,0
22.00840565,96.50279785,397.3060364,-3019.083248,98.8060972,411.4210531,-3056.311557,0.02036544389,96,162,11,R134aDet,0
22.14150054,98.8060972,411.4210531,-3056.311557,99.78157107,417.7092793,-3073.458671,0.01337418397,96,162,11,R134aDet,0
22.20254263,99.78157107,417.7092793,-3073.458671,100.8750179,424.1024285,-3090.209313,0.01211358571,96,162,11,R134aDet,0
22.26249252,100.8750179,424.1024285,-3090.209313,103.4200516,442.5910991,-3135.974477,0.03420964003,96,162,11,R134aDet,0
22.42743343,103.4200516,442.5910991,-3135.974477,107.4021308,468.7192174,-3198.946469,0.04070336476,96,162,11,R134aDet,0
22.65535996,107.4021308,468.7192174,-3198.946469,107.4982739,469.1661599,-3200,0.0008799544772,96,162,11,R134aDet,0
23.02451434,116.0816993,512.8221825,-3300,120.0568607,540.5708002,-3366.706001,0.04750955459,96,162,11,R134aDet,1
23.26597404,120.0568607,540.5708002,-3366.706001,121.1285757,546.9701245,-3381.559525,0.007371223163,96,162,11,R134aDet,1
23.32007205,121.1285757,546.9701245,-3381.559525,121.7843867,551.0780219,-3390.967511,0.005213900644,96,162,11,R134aDet,1
23.35440486,121.7843867,551.0780219,-3390.967511,124.6573963,568.9136407,-3430.198757,0.0247008551,96,162,11,R134aDet,1
23.49854744,124.6573963,568.9136407,-3430.198757,133.8602293,615.8619612,-3539.126364,0.0732638462,96,162,11,R134aDet,1
23.89551849,133.8602293,615.8619612,-3539.126364,134.0299204,616.8415452,-3541.445519,0.001531444527,96,162,11,R134aDet,1
23.90394041,134.0299204,616.8415452,-3541.445519,138.2024445,635.3066031,-3582.88933,0.02566258321,96,162,11,R134aDet,1
24.05599965,138.2024445,635.3066031,-3582.88933,142.8312918,653.1884767,-3624.468904,0.02468256255,96,162,11,R134aDet,1
24.20784265,142.8312918,653.1884767,-3624.468904,151.0384047,686.0976842,-3700,0.05041664203,96,162,11,R134aDet,1
24.20784265,142.8312918,653.1884767,-3624.468904,142.8417977,653.188698,-3624.468078,0.001394692088,96,218,11,R134aDet,1
24.05599965,138.2024445,635.3066031,-3582.88933,138.1925471,635.3157872,-3582.886844,0.001642046865,96,217,11,R134aDet,1
23.90394041,134.0299204,616.8415452,-3541.445519,132.7582605,616.784634,-3541.977933,0.00187811414,96,216,11,R134aDet,1
23.91322046,132.7582605,616.784634,-3541.977933,131.1097977,617.1239,-3542.367138,0.002657440417,96,216,11,R134aDet,1
23.92504532,131.1097977,617.1239,-3542.367138,128.7155002,617.7115851,-3541.755591,0.005171369362,96,216,11,R134aDet,1
23.94385647,128.7155002,617.7115851,-3541.755591,126.1017912,618.1634956,-3539.430492,0.01028138459,96,216,11,R134aDet,1
23.97132486,126.1017912,618.1634956,-3539.430492,125.1509786,618.3765838,-3541.361077,0.008834036474,96,216,11,R134aDet,1
23.99168748,125.1509786,618.3765838,-3541.361077,125.6084461,619.3309222,-3541.318794,0.006935603394,96,216,11,R134aDet,1
24.00466388,125.6084461,619.3309222,-3541.318794,125.6661942,619.3161807,-3541.661109,0.002879453606,96,216,11,R134aDet,1
24.00987533,125.6661942,619.3161807,-3541.661109,125.6714444,619.3315068,-3541.836865,0.004085655712,96,216,11,R134aDet,1
24.01338165,125.6714444,619.3315068,-3541.836865,125.6578623,619.3398608,-3541.840739,0.001832310798,96,216,11,R134aDet,1
24.01338165,125.6714444,619.3315068,-3541.836865,125.669795,619.333842,-3541.82612,0.001441476581,96,226,11,R134aDet,1
24.00987533,125.6661942,619.3161807,-3541.661109,125.6693929,619.2812013,-3541.664223,0.002887366285,96,225,11,R134aDet,1
23.99168748,125.1509786,618.3765838,-3541.361077,125.2184754,618.3517847,-3541.490565,0.00654023823,96,224,11,R134aDet,1
23.97132486,126.1017912,618.1634956,-3539.430492,125.9109236,618.0159913,-3539.357541,0.008786713174,96,223,11,R134aDet,1
23.94385647,128.7155002,617.7115851,-3541.755591,128.7060233,617.7078744,-3541.765329,0.001668238495,96,222,11,R134aDet,1
23.92504532,131.1097977,617.1239,-3542.367138,131.0072231,617.0572293,-3542.672394,0.01017380176,96,221,11,R134aDet,1
23.91322046,132.7582605,616.784634,-3541.977933,132.7612978,616.7933127,-3541.983698,0.001420090665,96,220,11,R134aDet,1
23.89551849,133.8602293,615.8619612,-3539.126364,133.9137155,615.9644122,-3539.08841,0.005857644909,96,215,11,R134aDet,1
23.49854744,124.6573963,568.9136407,-3430.198757,124.7643746,569.1599785,-3430.111863,0.002851641831,96,214,11,R134aDet,1
23.50334232,124.7643746,569.1599785,-3430.111863,124.8289971,569.1687936,-3430.153259,0.004537865472,96,214,11,R134aDet,1
23.50334232,124.7643746,569.1599785,-3430.111863,124.77993,569.1710159,-3430.085439,0.0027569714,96,227,11,R134aDet,1
23.35440486,121.7843867,551.0780219,-3390.967511,121.7868823,551.064634,-3390.973912,0.001737512681,96,213,11,R134aDet,1
23.32007205,121.1285757,546.9701245,-3381.559525,121.1180283,546.9722483,-3381.559791,0.001412743545,96,212,11,R134aDet,1
23.26597404,120.0568607,540.5708002,-3366.706001,120.0645005,540.5930788,-3366.69732,0.002365063618,96,211,11,R134aDet,1
22.65535996,107.4021308,468.7192174,-3198.946469,107.3950007,468.7332267,-3198.941905,0.001829524459,96,209,11,R134aDet,0
22.42743343,103.4200516,442.5910991,-3135.974477,103.419364,442.6091861,-3135.968132,0.002014518712,96,208,11,R134aDet,0
22.26249252,100.8750179,424.1024285,-3090.209313,100.8943266,424.096119,-3090.211604,0.002093249272,96,207,11,R134aDet,0
22.20254263,99.78157107,417.7092793,-3073.458671,99.77157006,417.7116444,-3073.458841,0.001373150328,96,206,11,R134aDet,0
22.14150054,98.8060972,411.4210531,-3056.311557,98.80980356,411.648978,-3056.252599,0.00292027526,96,205,11,R134aDet,0
22.14528439,98.80980356,411.648978,-3056.252599,98.78027738,411.742689,-3056.291321,0.00541016923,96,205,11,R134aDet,0
22.14528439,98.80980356,411.648978,-3056.252599,98.8128726,411.6646563,-3056.217413,0.003046302604,96,228,11,R134aDet,0
22.00840565,96.50279785,397.3060364,-3019.083248,96.48613708,397.292035,-3019.091049,0.002252681145,96,204,11,R134aDet,0
21.99233427,96.15972402,395.5810357,-3014.60068,96.16326549,395.5700581,-3014.605156,0.001539893841,96,203,11,R134aDet,0
21.40666661,86.80122714,332.9589947,-2850.867456,85.18604043,328.8467737,-2853.987999,0.01325364807,96,202,11,R134aDet,0
21.4450762,85.18604043,328.8467737,-2853.987999,84.15747375,327.6461294,-2852.650549,0.004878528032,96,202,11,R134aDet,0
21.46119259,84.15747375,327.6461294,-2852.650549,83.25570518,327.6829875,-2851.94053,0.002257546822,96,202,11,R134aDet,0
21.47070065,83.25570518,327.6829875,-2851.94053,82.37787872,327.6735013,-2851.210418,0.003913005974,96,202,11,R134aDet,0
21.4803597,82.37787872,327.6735013,-2851.210418,80.16854298,327.9464819,-2849.648254,0.00651208066,96,202,11,R134aDet,0
21.50430939,80.16854298,327.9464819,-2849.648254,79.87467658,328.8890079,-2847.702339,0.008779913038,96,202,11,R134aDet,0
21.52507113,79.87467658,328.8890079,-2847.702339,79.55280256,328.8863354,-2847.484515,0.0007442296809,96,202,11,R134aDet,0
21.52930013,79.55280256,328.8863354,-2847.484515,78.32838229,328.6709242,-2847.017563,0.008489658169,96,202,11,R134aDet,0
21.5443904,78.32838229,328.6709242,-2847.017563,78.26999472,328.6477702,-2847.04151,0.0002475879383,96,202,11,R134aDet,0
21.54533422,78.26999472,328.6477702,-2847.04151,78.04333612,328.6631686,-2847.069782,0.001562531046,96,202,11,R134aDet,0
21.54887992,78.04333612,328.6631686,-2847.069782,77.84137103,328.8079983,-2847.167941,0.009075090956,96,202,11,R134aDet,0
21.54887992,78.04333612,328.6631686,-2847.069782,78.04303969,328.670653,-2847.05827,0.00164245349,96,232,11,R134aDet,0
21.54533422,78.26999472,328.6477702,-2847.04151,78.2699359,328.6233195,-2847.055594,0.002533668743,96,231,11,R134aDet,0
21.52930013,79.55280256,328.8863354,-2847.484515,79.55723797,328.8860969,-2847.472786,0.001552851596,96,230,11,R134aDet,0
21.46119259,84.15747375,327.6461294,-2852.650549,84.14152159,327.647993,-2852.670486,0.002392722607,96,229,11,R134aDet,0
21.3740029,86.04753373,329.6619701,-2841.683558,86.06137653,329.673626,-2841.679005,0.001981387884,96,201,11,R134aDet,0
21.27033479,83.2741283,319.0806791,-2812.610147,83.54462182,318.9822942,-2812.645483,0.009493461681,96,200,11,R134aDet,0
